gene_name	DAY0_001	DAY0_002	DAY0_003	DAY0_004	DAY0_005	DAY2_001	DAY2_002	DAY2_003	DAY2_004	DAY2_005	DAY4_001	DAY4_002	DAY4_003	DAY4_004	DAY4_005	DAY6_001	DAY6_002	DAY6_003	DAY6_004	DAY6_005	DAY8_001	DAY8_002	DAY8_003	DAY8_004	DAY8_005
Sh2d3c	36.03	111.58	109.88	8.01	0	27.28	10.27	13.21	14.46	17.24	0.31	2.75	16.89	17.67	0	7.47	98.73	29.7	0	0	40.81	0	21.95	49.56	0
Eef2	202.02	259.82	171.7	446.21	158.08	848.26	866	593.56	731.67	661.55	730.22	1079.39	691.1	564.88	1119.28	289.85	464.91	880.72	597.63	351.89	421.3	460.81	718.07	258.94	765.23
Ppap2a	0.36	284.64	74.27	425.94	30.7	0	5.16	25.92	0	1.57	0	0	0	0	0	0	0.3	0	0	0	57.26	0	0	0	0
Flt1	53.96	48.27	61.17	49.93	96.59	1.17	8.64	21.62	1.66	3.86	0	48.08	0	0	4.78	0	0	0	0	0	0	0	0	3.31	0
Hist1h2ac	0	1.75	0.61	9.82	4.06	0.67	6.66	11.36	3.45	1.16	4.01	1.1	0.36	13.58	0	10.57	11.35	3.03	1.21	2.03	2.35	53.96	6.96	3.44	1.43
Tspan32	0	0	0	0	0	103.36	72.4	17.36	77.77	54.36	158.2	7.26	26.56	1.99	32.17	294.38	29.4	273.15	45.29	22.58	301.03	173.44	29.78	41.28	34.14
Lamtor5	20.41	49.98	99.68	0.95	89.22	68.85	123.79	37.07	46.73	32.55	0.99	3.2	51.18	2.07	0	46.15	67.94	179.86	114.65	33.81	23.72	0	0	64.88	1.47
Cers2	41.33	103.45	73.54	72.27	92.85	24.14	89.38	103.69	161.74	211.72	85.61	127.59	106.14	153.99	41.89	119.56	217.7	114.78	135.07	1.75	231.13	224.79	105.06	38.08	7.25
Ptplad2	0.01	0	1.48	0	0.99	25.12	5.7	32.1	24.32	4.36	104.58	34.92	14.97	91.02	77.55	8.13	95.93	114.5	40.44	42.93	211.21	42.8	147.91	241.73	56.66
Stab1	35.87	119.06	260.45	97.14	0.48	0	0	1.29	19.14	0	0	0	0	0.68	12.39	12.35	10.68	0	17.83	2.21	0	0	0	0	0
Tspan13	92.6	138.65	30.49	0.36	209.91	76.7	102.4	151.85	3.25	86.78	6.59	2.11	0	4.86	0	119	0.03	290.8	136.96	280.81	277.39	44.52	7.7	7.02	44.7
Cd9	81.53	175.56	163.42	0.31	60.18	68.73	35.6	81.26	38.31	104.01	0.06	187.88	62.92	0.53	1.03	106.22	93.16	21.34	0	121.54	9.35	0.35	5.16	3.83	0
Ebp	99.85	7.83	40.69	0	0	1.13	5.28	63.46	2.31	37.37	0	0	0	0	0	47.17	20.32	0	76.29	43.18	54.44	0	0	0	56.94
Ctse	0.01	0.06	0	0.05	0	4.16	15.88	0.08	24.88	0.03	68.64	3.41	30.68	0.76	51.18	0.04	3.86	2.13	0.26	0.46	0.08	8.11	0.04	4.53	0.01
Dhx57	55.74	18.8	1.18	21.13	0.79	12.31	9.71	0.3	12.94	21.35	28.45	1.25	23.07	0	0.31	49.99	7.78	1.01	3.13	24.98	1.31	45.35	0	0.7	0
Hook2	0	0	0	0	17.58	0	0	9.1	5.37	0	20	0	0	1.83	0	0	0	0	2.69	0	0	0	0	0	2.07
1700017B05Rik	0	0	15.27	42.96	0	79.62	0.96	9.34	6.27	10.08	86.08	30.6	30.31	0.15	76.13	15.98	1.07	45.84	22.98	3.45	51.69	6.38	0.44	0.38	93.19
Bin1	13.79	23.4	100.39	0.47	0	6.11	0	0	0	0	0	0	0	0.01	0	2.73	0	0	7.42	0	0	0	0	5.07	0
Cd44	0.07	0.01	0	0	1.01	46.47	50.89	85.42	45.76	134.4	61.2	97.97	96.01	85.17	32.77	61.64	46.36	64.1	42.41	21.11	62.58	66.21	26.21	103.7	63.02
BC005561	21.65	12.15	0	15.69	44.19	4.17	0	2.42	0	0	0	0	0.59	21.06	0	0.56	0	0	0	0	0	9.35	0	0.54	0
Gfod1	0.6	0.8	7.89	0.16	0.94	0.87	0.37	0.22	0.4	0.52	0.44	0.95	0.85	11.92	0.81	9.79	0.87	0.43	0.59	4.21	0.44	0.29	0.39	23.9	0.39
Mndal	0	0	0	0	0	0	0	0	0	0	0	0	0	0.01	0	187.42	19.53	0	0.55	0.64	27.52	147.58	0	0	1.09
Gpx3	12.63	110.98	106.19	1.81	4.93	10.66	0.92	0	30.4	20.57	13.01	3.12	0	0	7.31	0	0	0	21.2	0	0	0	0	0	0
Prkcd	0	0	0	0.01	6.96	0	8.73	15	18.85	3.08	3.07	3.95	83.38	5.87	15.09	27.44	1.05	0	4.57	39.65	34.12	22.67	48.35	23.83	93.74
Lrrc58	70.62	23.38	32.57	47.87	39.74	25.97	71.4	31.21	6.84	27.74	26.71	39.1	13.57	0.8	3.07	6.99	27.47	19.05	9.82	36.26	11.61	24.31	21	34.33	53.82
Bcap31	31.57	3.58	144.02	106.92	3.93	84.62	95.35	54.11	201.92	244.53	0	195.64	39.35	2.76	27.83	116.83	145.89	0	187.28	153.5	260.82	7.02	59.43	202.98	147.65
Gm11353	8.48	17.7	13.33	14.72	7.29	45.07	23.52	30.06	33.78	25.34	25.18	33.07	14.8	23.99	16.81	44.98	44.02	26.19	38.57	22.84	32.3	28.61	34.12	26.98	22.68
Ncapd2	57.66	76.11	12.04	134.72	0.02	5.15	64.25	123.27	65.18	55.34	0	0	46.83	174.81	0	2.09	36.86	0	2.85	182.12	59.35	17.99	1.48	48.76	0
Rpl14-ps1	9.42	21.8	18.83	8.99	11.56	59.14	35.94	32.02	44.72	33.41	18.45	18.46	8.69	11.08	24.14	45.19	39	27.5	47.53	46.14	13.46	30.71	21.7	23.16	21.57
Spag7	176.33	0	87.71	90.8	9.5	116.53	142.93	70.5	88.35	202.01	4.91	1.15	10.07	13.91	0	142.42	38.03	0.66	89.66	0	43.33	358.37	17.94	123.27	15.38
Pcna	65.61	417.32	136.59	267.34	94.81	321.67	601.66	325.93	271.71	229	278.09	44.82	142.17	474.83	42.79	1060.74	1051.71	474.71	530.07	338.02	434.4	32.12	123.41	486.88	317.02
Gapdh	1200.54	1762.67	1384.05	1855.08	956.42	3241.7	3761.27	1834	3410.6	2691.76	1522.78	738.85	605.69	780.34	559.59	2032.13	2290.27	1209.04	2573.93	3820.38	1333.34	1255.89	1464.87	814.01	734.95
Dvl2	0	6.3	0.22	1.95	0	13.09	0	0	5.93	0	7.76	0.26	0	0	0	42.81	0	0	0	0	10.41	0	5.43	17	0
Kank2	5.72	0	2.7	0	0.15	0.72	0.22	0.06	0.61	0.21	0	5.14	0	0	1.41	0	0.32	0	0	0	0.02	0	0	4.54	0
Csf1	0	0	0	0	30.2	0	2.84	29.93	3.22	0.47	27.49	110.27	5.56	10.53	71.85	0	0.66	13.92	0	0	0	0	0	0	0
Wdfy4	0	0	0	0	0.05	19.42	7.31	0	0	0.03	25.48	20.64	5.84	23.49	52.87	21.14	26.98	3.66	34.13	0	1.09	44.56	32.56	0.23	0
Tbrg1	201.38	9.75	49	7.03	20.14	116.61	37.12	75.63	220.17	90.39	81.85	49.38	39.46	13.88	0	143.49	110.55	0	141.34	103.39	0.5	37.66	1.14	61.34	2.93
Cltc	68.93	123.9	80.75	215.02	100.49	119.59	95.57	19.79	60.82	40.82	103.28	98.94	20.97	25.21	283.16	1.53	186.53	22.1	21.01	61.83	15.58	7.15	65.99	49.56	252.53
Tecpr1	64.06	43.9	17.13	5.81	18.64	0.25	5.26	0	0.81	3.94	0	0.3	0	0	0	0	0	0.1	39.42	0	0	0	0.63	0	0
Pnrc1	0	32.98	65.97	7.98	134.55	149.96	72.86	63.7	81.8	87.88	132.93	95.59	67.96	101.76	127.85	104.69	149.35	251.84	63.85	106.54	61.94	25.84	75.42	115.34	151.77
Myl6	309.13	379.64	170.15	159.34	310.72	496.51	512.81	314.5	398.14	526.88	223.81	309.46	354.22	128.37	217.79	101.23	138.4	63.12	32.86	138.26	174.69	305.03	179.85	78.59	287.54
Cnn3	260.55	462.51	338.61	200.53	212.53	170.79	257.96	322.83	134.14	140.01	138.57	24.52	218.31	70.38	329.41	86.95	178.26	228.29	140.78	137.95	12.18	0	4.31	77.94	92.51
Plod1	138.45	0	2.65	0	67.19	0.2	8.42	63.78	20.1	56.49	107.89	1.08	0.39	21.85	44.51	0	0	0	10.75	0	2.25	43.06	0	0	1.8
Plscr1	1.22	0	0	0	0	0.35	67.26	103	37.31	70.37	0	0	0.34	16.61	0.82	2.31	18.01	24.92	18.77	0.45	20.13	11.19	59.05	0	0
Micu2	0.07	0.12	23.21	5.92	0	11.09	21.35	8.97	27.17	14.37	28.35	23.35	1.67	19.92	0.08	16.95	16.64	7.95	7.86	16.91	2.28	11	0.03	0.77	0.51
Zeb2	3.43	0	0.2	2.04	7.14	0.2	7.84	8.41	11.38	2.36	18.67	5.56	8.28	4.65	25.12	14.2	16.45	1.87	0.12	6.14	0.46	65.72	20.2	0	0
Ten1	94.21	0	5.73	0	4.13	37.17	58.3	56.03	96.93	79.83	7.89	6.2	5.91	0	10.53	152.87	101.36	14.5	39.55	1.87	0	104.06	0	94.42	71.09
Oas1g	0	0	0	0	0	4.41	0	0	0	0	0	4.22	0.18	0	0	11.97	0	0.63	0	0.46	4.79	22.22	3.01	0	0
Ccnjl	3.46	0	144.73	6.56	3.4	16.91	2.16	0.01	4.35	0.06	0	0.1	0.33	0.02	0	0	0.01	1.11	0.12	0	0	0	0.38	0	0
Nod1	94.84	52.99	0.79	0	36.61	0	9.75	5.37	0	0	0	0	0	0	0	2.27	2.81	0.01	0	0	0	0	0	0	0
Gm15609	14.19	0.87	26.08	1.28	0	0	0	0	0	0	0	0	0	0	0	0	0	0	0	0	0	0	3.57	0	0
Hmha1	0	0.65	0	0	0	0.66	0.64	0	3.86	25.57	65.24	7.56	1.29	0	0	1.19	59.54	38.21	12.1	90.17	69.11	9.89	147.97	5.45	5.21
Tssc4	0	29.69	33.53	50.64	14.16	1.02	104.17	30.66	26.24	25.49	84.03	8.1	18.23	0	2.7	92.25	1.44	79.92	0.77	4.43	3.92	0	9.34	0	0
Trim33	2.88	8.4	0.28	16.46	0.97	4.36	19.38	14.93	14.97	16.58	16.06	4.71	8.39	41.9	54.36	3.27	14.44	0.87	4.04	11.45	11.28	0.05	0	0	43.77
Tmem216	11.55	16.27	0.38	13.67	25.55	15.59	73.35	19.17	17.32	61.71	27.4	18.4	13.34	8.67	12.74	4.96	4.35	11.02	8.19	0	18.12	3.63	25.34	4.17	0.09
Socs3	0	0	1.56	35.7	11.97	0	65.71	122.36	0.4	27.46	0	13.25	16.51	67	0	0	0	0	0	0	0	0	0	105.75	0
Sox11	184.51	49.64	3.96	48.07	0.18	0	0	0.07	0	0.04	0	0	0	0	0	0	0	0	0	0	0	0	0	0	0
Npl	0	0	0.02	8.86	0	0	0	0.37	0.13	0.01	0.88	4.25	0	0	0	31.35	30.16	10.47	0.01	1.28	29.07	3.49	5.74	4.96	0
Eif3k	144.74	161.38	63.37	211.97	242.32	580.31	319.27	454.59	284.56	438.48	214.98	110.43	72.24	24.67	220.15	140.15	225.8	105.41	244.39	168.5	72	10.58	15.31	245.32	86.51
Hmga1	204.1	334.42	91.99	94.74	7.44	1056.22	841.11	728.08	990.95	855.86	1092.76	1062.22	599.93	751.53	524.51	253.29	1073.79	533.77	1174.64	773	949.51	498.02	446.96	193.37	1347.13
Rad54l	13.89	0	26.83	26.95	0.34	7.78	6.02	4.63	2.38	26.45	53.47	12.1	14.67	9.76	0.17	33.23	22.3	1	3.76	8.37	3.18	0.82	0	0	17.81
RP24-142E6.3	0	0	1.19	0	0	0	0	0	0	0	0	0	0	0	0	0	0	0	0	0	0	0	0	0	0
Sepw1	5.51	17.72	34.6	30.52	71.72	137.41	263.17	164.8	116.89	152.19	67.83	14.89	43.05	5.28	2.71	18.12	27.9	138.9	83.4	21.36	83.39	37.93	7.7	15.06	92.5
Rps13-ps5	2.57	4.26	5.14	4.03	6.67	6.87	5.89	8.54	8.58	12.11	11.65	11.89	5.49	4.83	6.94	6.63	20.91	11.78	9.76	6.58	8.79	11.35	26.61	12.51	13.01
D2Wsu81e	0	6.02	0.7	0	0	1.35	13.72	36.16	6.35	12.39	22.46	0	36.69	0.5	0.52	57.93	4.6	0.29	0	37.91	58.13	0	4.42	0	11.01
Tnpo1	11.9	2.32	9.25	18.7	3.98	17.75	12.82	14.34	24.97	25.97	31.09	9.49	20.18	21.96	0.71	30.67	0.32	2.27	2.13	0.47	36.52	36.25	3.4	0.03	4.9
Rps12l1	2.66	0	5.41	7.57	0.56	10.92	15.96	15.67	19.54	19.21	7.02	6.55	6.86	3.1	3.97	21.44	15.65	19.12	17.09	23.54	3.97	4.17	13.25	13.36	10.5
Per1	0	0	6.02	0.05	0	22.52	2.51	13.47	5.85	18.46	8.31	13.19	18.58	24.19	1.18	0.46	3.2	75.17	0	13.01	0.79	22.89	25.58	7.48	15.07
Ndufs3	1.08	59.39	1.31	153.4	176.3	226.87	56.09	133.15	152.4	93.75	1.37	139.75	45.94	35.92	88.12	117.5	245.86	0.04	28.7	50.51	65.74	2.11	0	303.45	126.91
Calcrl	19.77	13.35	9.94	66.68	454.78	66.36	43.66	73.01	40.76	56.62	60.83	50.49	55.97	58.09	89.93	53.72	34.7	80.11	18.62	54.62	54.37	32.09	20.36	27.38	42.66
Lsm10	0	12.14	4.21	0	0	83.65	57.53	43.77	46.2	0	0	7.81	13.66	0	0	0	0	0	0	74.77	0	0	0	95.67	0
Map1b	18.34	0.7	4.78	1.56	0.63	0	0	0.43	0	2.67	0	0.25	0	2.82	0	0	0	0	0	0	0	0	0	0	0
Coprs	0	0	0	1.8	14.4	55.64	33.11	37.59	21.14	20.48	0	0	0	0	0	0	0	0	0	0	0	5.93	0	0	0
Slc12a2	24.23	85.49	5.95	0.16	0.16	26.32	6.27	80.33	18.75	4.56	50.55	74.84	50.61	43.25	12.22	0	12.37	0	30.6	1.17	26.62	21.7	48.95	15.84	67.98
Abce1	0.98	78.38	40.42	101.73	19.76	32.24	87.56	46.16	85.68	60.15	151.65	88.52	93.85	39.31	16.73	3.65	67.77	0	82.88	71.57	89.62	92.01	96.36	37.13	2.76
Dip2b	3.58	12.65	2.92	4.73	7.89	8.7	8.94	17.51	12.2	6.67	0.42	15.26	34.31	0.09	11.86	0	2.31	0.55	1	0.44	0.14	9.69	0.35	6.56	43.81
Gm15772	25.28	44.44	13.7	23.32	14.45	40.1	41.8	71.6	69.11	53.36	72.69	78.63	71.45	96.35	58.41	61.71	57.26	51.76	56.33	41.05	60.49	31.36	58.25	49.44	80.68
Rbbp8	0.71	2.35	0.98	46.16	129.22	80.94	34.56	31.37	33.5	15.97	69.69	20.5	28.88	0.23	121.29	15.18	140.7	100.7	14.35	89.41	0.57	1.32	21.37	40.8	2.45
Fosl2	26.4	0.11	14.8	1.9	0.26	9.14	4.65	12.83	1.06	37.23	14.48	12.94	24.95	6.55	9.79	0.35	0.33	0	7.62	4.27	24.02	13.77	12.85	48.13	1.15
Pex7	0	0	0	0	0	7.88	31.52	1.24	8.65	0	2.89	0	1.89	0	2.33	0	0	65.1	0	0.98	0.43	3.11	0	0	0
Cggbp1	76.65	4.11	6.04	5.59	98.94	20.44	45.88	60.05	86.61	57.95	137.9	39.09	63.34	85.93	12.07	99.53	41.34	99.42	48.67	75.64	187.21	0	22.85	80.55	85.88
H1f0	6.67	40.11	8.21	89.16	1.66	39.24	81	88.52	33.09	36.58	5.15	2.08	0.56	244.41	0.35	11.17	0	0	0	8.64	10.19	26.35	76.27	2.07	5.5
Rrbp1	563.85	242.08	306.01	184.92	304.03	43.78	125.03	141.76	57.68	141.62	0	343.8	4.87	48.98	65.14	27.28	0.45	0.96	169.67	178.57	79.93	0	0	7.62	106.31
Dock11	85.12	240.91	16.02	5.7	4.64	51.96	33.13	42.96	7.3	0.06	6	67.99	22.92	43.43	19.85	12.02	163.92	4.88	102.92	0	65.81	155.08	84.33	0.11	154.37
Irf9	0.17	0	0	25.88	0	4.02	0	17.4	26.01	6.69	3.45	0	2.47	16.35	1.02	0	0	0	0.14	139.35	9.6	238.56	0	0	0
Nfkbiz	0	1.05	2.67	0	2.29	3.13	29.13	54.43	0.03	10.85	112.7	4.31	34.95	48.39	11.69	55.71	129.6	11.01	7.13	2.32	74.69	6.91	40.27	57.82	0
Ncf2	4.18	0	0.01	0	0	78.41	166.57	11.56	6.25	4.19	90.38	48.83	58.95	66.35	60.22	63.78	57.83	40.93	147.99	41.73	4.3	71.37	12.27	125.76	158.24
2410006H16Rik	0	2.44	2.59	15.07	0	32.88	21.15	160.02	78.09	65.48	2.57	16.61	49.9	44.31	19.25	19.02	24.1	5.11	10.02	30.3	0	157.53	31.23	0	62.4
Rbm28	126.35	60.93	110.76	98.51	0	47.8	46.82	51.12	17.56	81.35	78.9	113.12	4.13	16.99	17.41	0.94	9.62	0	186.31	137.61	9.91	0	120	50.33	49.2
Stx8	0.15	0	0.63	0.14	0.35	54.64	61.54	111.16	14.23	22.45	0	0.11	37.67	0	0	0	9.39	0	0	2.4	0	107.34	85.6	0	0
St6gal1	0	0	0	0.62	150.36	1.23	9.74	5.72	0	0	0	0	0	0	0	0	0	0	0	0	0	0	14.48	4.22	0
Gnal	0.73	0.79	19.34	0.04	0	2.5	0.2	0.07	1.88	2.51	0.31	3.03	0.89	0.28	0.48	0.11	0.82	0.33	1.15	0.6	3.96	1.59	3	1.03	0
Aes	0	0	28.11	2.26	72.13	38.17	27.78	6.11	34.3	34.96	29.41	39.5	20.44	67.85	63.67	70.55	76.21	5	164.51	22.9	27.78	73.1	74.84	0	135.76
Gfi1	0	0	0	0	0	16.51	46.47	80.26	15.95	4.32	20.65	4.6	48.56	97.34	55.82	0	0	0	0.73	0	0	0	26.15	4.88	257.09
Ppp3cb	1.49	232.96	49.52	33.58	0.94	104.26	27.19	51.15	40.7	18.26	56.34	102.94	63.86	99.43	47.5	19.51	54.65	36.74	99	38.14	2.63	1.24	35.64	79.21	0.24
Ube2l6	0	0	0.45	0	0	0	0	0	9.61	0	0	0	0	0	0	0	0	0	0	0	0	64.62	2.67	32.35	0.01
Rpa3	0	0	0	0	0	0	9.6	17.47	21.78	15.47	0	9.27	16.38	0	24.69	24.49	32.07	3.59	46.66	18.42	0	0	19.74	0	23.46
mt-Nd6	1595.24	2096.16	819.77	700.02	1473.68	1358.48	1477.38	1404.64	1210.59	797.84	1682.85	2029.72	3482.76	1712.81	3376.19	5078.32	2321.24	3716.44	2837.22	5958.09	3032.92	2631.36	3922.69	2391.72	2122.38
Rpl21	61.56	302.91	146.24	170.36	161.54	620.67	685.64	734.86	882.04	630.85	317.38	537.71	286.74	261.65	439.2	485.66	407.23	538.83	498.69	301.93	466.95	371.26	558.96	361.02	873.71
Map2k6	0.21	1.16	168.15	0.32	12.49	0.43	38.86	23.57	62.06	39.07	8.43	0	0	1.26	0	0	49.77	0	57.72	0	130.78	14.55	0.63	6.48	0
Col15a1	49.19	21.74	55.05	0	0	0	0	5.65	0	0	0	0	0	0	0	0	0	0	0	0	0	0	0	0	0
Fam114a2	23.48	9.7	43.04	38.61	100	11.22	117.57	75.35	13.83	63.84	66.95	50.41	0.25	1.49	5.25	0.01	109.85	32.14	11.82	0.5	149.71	11.21	0.33	0	57.34
Pcgf6	0	0	0	0	0	0	25.92	0.02	0.5	30.5	0.71	0	29.93	0	3.07	0	6.57	0	0	90.19	4.34	5.27	2.78	13.1	48.94
B2m	71.02	83.7	83.36	1.96	203.95	371.3	363.05	301.67	226.48	387.92	122.34	40.66	270.37	11.76	42.92	1300.14	1193.69	319.39	661.23	542.42	783.89	1442.76	607.4	1578.64	463.28
Lbr	96.38	121.1	33.51	82.36	0.98	86.26	25.5	74.56	68.2	120.28	136.05	8.64	119.08	68.5	250.53	188.3	95.4	22.49	82.89	48.67	45.29	99.28	4.33	5.59	145.31
Rpl10-ps6	26.91	30.83	22.93	28.16	14.17	42.47	43.48	34.06	37.06	47.7	47.22	41.68	29.45	77.2	14.8	60.11	45.72	37.27	40.53	25.36	19.99	61.48	35.15	24.25	30.72
Dok2	0	0	0	0.13	0	43.77	108.69	42.29	37.88	24.95	40.66	387.43	1.11	39.58	33.37	36.48	73.22	42.52	180.46	98.58	194.59	0.67	15.05	34.05	72.72
Hjurp	1.67	6.4	28.82	110.54	7.46	21.37	11.38	118.51	16.55	12.8	107.76	38.25	44.08	52.55	82.23	81.09	14.05	0.08	6.4	80.24	0.15	0.08	6.1	0	136.59
Cx3cl1	0	0	0	0	1.11	0	17.4	15.11	1.83	20.07	27.41	2.79	8.51	0	0	0	0	0	0	0	0	0	0	0	0.16
Runx1	0	0.11	0	0.04	0.21	29.61	28.04	41.88	75.34	34.23	29.31	61.79	205.48	93.29	59.24	22.22	48.94	100.64	112.86	53.55	106.58	9.84	5.11	83.66	54.76
Rpl17-ps8	2.49	9.22	2.35	2.52	1.52	9.99	9.91	35.39	10.03	10.63	9.41	5.93	6.17	5.29	11.53	12.28	7.8	4.07	7.48	8.76	4.79	8.87	6.65	3.89	10.2
Lyrm5	97.13	34.92	0	0	14.96	13.12	24.9	0	9.39	1.18	0	0	24.63	1.25	0	0	0	0	0	0	79.33	0	0	140.7	70.67
Cttnbp2nl	55.71	2.84	33.52	80.61	27.98	0.07	1.91	0	0	0	0.07	0	0	0	0	0	0	0	0	0	0	0	0	0	0
RP23-32A8.1	0	3.33	1.38	25.01	2.68	36.89	5.63	21.99	31.1	21.85	0	7.72	14.84	3.64	6.52	48.45	79.5	75.95	0	0	0.01	33.45	4.65	86.35	0
Angpt1	0	0	0.15	0	0	72.67	108.87	48.57	7.46	64.17	79.94	99.12	49.46	112.91	79.91	119.1	97.59	155.6	156	219.43	173.89	14.11	166.25	100.11	184.89
Cd151	0	108.7	131.39	15.68	36.82	11.66	45.25	35.4	22.04	41.56	26.73	0	7.06	21.64	81.79	0	13.8	0	4.7	0	0	0	0	0	0
Rps5	956.29	2051.59	1437.28	1316.65	794.66	4426.81	3314.44	3893.56	3539.14	3208.48	2254.57	1380.59	1506.24	1544.11	1197.25	2678.22	2727.75	2172.26	2316.71	2582.42	2166.49	2375.03	2750.83	1587.99	2927.59
Tuba1a	409.85	595.48	132.72	551.05	29.11	144.21	128.02	260.9	84.31	52.3	120.82	56.88	84.06	52.81	24.71	114.41	139.26	20.53	81.17	116.56	119.48	29.27	80.64	24.3	33.26
Mapk12	0.21	40.37	264.48	42.77	1.32	0	3.48	0.34	9.22	0	0.4	0	0	19.54	0	0	0	0	0	0	0	0	0	23.68	0
Gm12657	0.37	3.69	1.49	3.05	4.82	8.09	2.68	4.18	3.58	3.13	6.46	5.14	4.22	1.52	1.36	8.91	7.8	7.04	7.31	3.38	1.63	1.85	4.02	3.57	1.66
Naip6	0	0	1.02	0	0	0	1.51	3.37	1.87	2.25	1.08	10.24	9.48	0.08	17.67	5.36	4.13	16.49	0.06	0	1.63	19.03	0.4	26.48	0
Edrf1	0	0	0	23.73	0	11.54	18.45	0	0.57	13.65	0	0	0	0	0	0	1.29	0	96.45	0	0	23.1	7.7	1.94	0
Impdh2	50.88	108.03	219.08	138.71	28.21	515.45	577.85	404.3	410.44	379.85	70.92	204.89	136.75	87.13	181.64	486.11	529.59	134	268.27	294.66	403.64	112.57	490.77	240.85	24.78
Tmed5	32.43	63.77	43.61	54.61	36.4	60.51	38.6	54.77	33.54	39.22	82.12	54	87.21	49.88	149.13	207.11	59.9	47.35	107.76	202.75	32.51	156.41	15.03	19.18	222.57
Foxc1	0	18.06	16.21	0.55	94.29	0	0	10.49	0	0	0	0	0	0	0	0	0	0	0	0	0	0	0	0	0
Sla2	0	9.88	0	0	0	73.43	10.55	13.21	32.1	20.5	19.38	8.01	26.6	8.06	14.66	0	12.38	58.72	5.71	5.3	32.77	4.64	79.5	0	0.21
Camsap2	64.38	0.12	78.91	27.81	0.85	0	19.2	0	0.07	9.11	0.28	0	0	0	0.45	0	0	0	0	0	0	0	0	0	0
Fkbp14	63.24	7.96	85.96	0	0	0	1.83	0	0	0	0	0	0	0	0	0	0	0	72.84	0	0	0	0	0	0
Epb4.1	45.84	13.37	0.84	3.6	2.21	31.33	58.04	44.85	86.18	119.85	239.3	167.77	116.46	81.91	128.57	15.34	107.79	98.19	57.75	123.94	141.87	60.6	207.84	0.37	24.96
Gyg	19.4	25.82	2.5	77.62	0	219.95	90.67	29.56	41.64	43.62	233.12	0	82.61	0	0	55.91	184.75	481.88	94.89	368.47	0	0.73	121.41	23.8	163.06
Plekhm1	0	0	0	2.94	62.4	0	2.85	1.41	6	1.43	0	0	0	0	0.35	0.05	0	30.07	0.26	0	0	0	0	0	14.79
Rnf13	0	62.8	85.4	0.5	0.2	0	44.34	1.03	9.83	5.64	0	4.39	0	15.56	0	101.85	0.15	0.16	97.11	19.43	0	0	1.68	0.44	21.37
Acot11	0	0	0	0	0	4.29	3.87	5.77	9.81	0.48	0	9.76	2.04	3.31	5.71	22.83	27.05	0	0	17.95	0.4	1.18	0	0.3	0
Gm13680	15.5	22.85	11.26	8.78	15.06	27.37	19.69	31.01	25.88	26.49	15.51	20.7	16.95	8.93	10.2	35.73	59.95	24.77	21.24	23.66	15.94	29.68	26.19	16.34	28
Antxr2	0.07	20.05	0.6	22.81	0.01	0	0	5.69	0	5.13	43.92	0	8.1	0	0	0.01	44.07	0.99	0	0	0	0	0	0.01	0.1
Cdr2	66.26	29.74	0.27	72.23	0	0	0	38.71	0	0	8.37	0	0	0	53.81	0	0	0	0	0	0	0	0	0	0
Crip2	415.26	84.38	63.53	98.36	39.93	0	138.19	31.75	0.26	79.55	0	0	0	3.41	0	0	0	0	0	0	0	0	0	0	0
Irak3	0	0	0	0	0	47.42	51.16	0.21	26.86	60.97	0.7	18.18	81.6	32.16	135.59	0.9	41.32	19.24	0	21.97	37.75	4.68	0	0	0
Dlc1	16.42	4.62	11.25	22.26	0.08	0	3.48	0.33	1.48	0	0	0	0	7.45	0	0	0	0	0	0	0	0	0	0	0
Ppp6r3	25.46	0.27	12.52	43.01	62.64	121.97	63.44	47.45	22.77	39.67	85.53	0.32	87.83	70.95	54.64	0.36	7.89	44.97	77.75	24.48	0.69	0.16	71.25	19.99	20.56
Gmfg	0	1.62	10.38	0	0	138.91	80.02	0	60.58	107.64	0	91.37	28.47	2.57	59.88	46.47	85.96	31.72	229.46	254.94	151.9	168.71	171.41	76.56	129.46
Arhgef6	0	0	0	0	0	112.82	0	0	0	0	9.71	40.07	13.12	0	239.45	12.05	110.84	148.3	89.46	208.59	0.55	345.02	180.99	614.11	309.13
Arhgap5	0.5	0	2.43	2.91	32.94	0	0	0.84	0.63	1.46	0	0	0	0	0.15	0	0	23.37	0.47	0	0	2.15	0	0	43.24
Stau2	0	0	0	48.01	0	71.07	35.02	51.59	9.11	0.17	58.3	87.4	0	103.82	1.09	0.1	83.15	1.47	35.11	0.33	89.32	81.09	104.22	0.27	0
Actb	112	401.37	382.57	213.06	388.98	263.94	234.79	238.45	221.7	315.37	107.98	109.62	184.87	147.98	313	258.97	272.5	30.06	127.64	222.03	289.68	26.15	46.77	143.48	125.15
Rps13-ps4	2.83	63.95	5.14	4.03	7.02	6.87	4.78	8.94	7.91	13.35	12.52	11.89	5.49	4.83	6.94	6.63	21.59	11.78	9.85	7.14	9.46	12.86	27.09	12.51	12.03
Fli1	13.36	79.83	32.06	6.84	10.27	14.37	10.65	3.61	29.67	9.06	18.73	2.99	12.07	6.51	20.55	1.15	0.87	86.32	11.53	3	44.42	5.1	26.46	3.46	13.93
Actr10	21.52	11.32	0.11	50.85	2.96	23.01	14.91	11.98	13.93	38.45	19.5	0.57	5.23	0.37	0.38	0.8	20.12	0	3	0	0.36	0.47	31.03	0	17.24
Myl12b	63.05	239.4	44.24	45.44	97.22	135.13	171.32	49.21	22.93	27.68	31.28	5.51	49	19.69	4.34	99.34	2.18	2.7	10.21	10.57	5.22	117.11	5.79	7.43	66.69
Osbpl1a	0	0	0	0	0	21.4	34.75	7.78	0	0.87	0	0	28.09	0.29	10.43	3.63	3.42	15.8	0	0	83.04	0.35	33.03	0	26.23
Hspbp1	87.13	0.47	0	4.12	0.39	32.72	101.55	108.63	118.8	109.57	75.12	0	0	0	23.72	2.7	27.79	19.41	0.46	88.14	2.67	0	129.09	0	148.57
9930012K11Rik	0	0.35	41.7	1.87	154.22	0	0	5.24	49.82	2.81	0	0	109.49	0	0	0	0	26.97	0	0	0	0	9.87	164.78	157.11
Acsl4	0.15	21.29	0.13	9.96	2.54	0.45	8.77	0.77	2.32	0.14	0.61	4.72	7.05	2.64	0	0	0	0.08	1.89	0.16	0.01	0	14.95	0	0
Notch1	28.43	19.19	18.9	18.45	8.98	9.04	13.5	14.24	1.96	6.51	6.94	0.47	12.91	13.09	12.79	3.97	3.94	0.72	0	5.76	9.45	12.77	10.06	14.28	16.6
Hpcal1	6.34	34.25	11.34	63.3	95.58	31.17	49.04	42.17	8.9	5.17	0	0	3.03	0	37.42	2.68	15.37	0.89	45.65	0	46.41	0.26	11.8	0	0
Tax1bp3	140.81	260.85	40.68	233.01	3.69	75.89	157.94	61.63	150.71	34.89	0.11	54.77	21.05	1.48	2.29	0	0	14.11	0.23	38.92	0.26	69.39	1.17	0	0
Arhgap11a	0	0	0.14	29.77	0	0.07	0	23.08	2.37	2.02	7.25	6.63	0.97	0.33	0.17	4.21	0	17.69	0	0	0	0	0	0	0
Meis1	0	0	0.12	6.69	0.27	96.42	169.01	56.53	44.94	99.43	106.31	358.81	82.41	203.77	153.44	104.13	137.12	237.88	0.7	136.69	35.39	90.62	102.72	145.45	82.09
Frmd4b	138.61	67.7	104.33	46.92	40.98	0.08	12.04	48.56	4.94	2.21	0	0	24.35	0.01	0.01	6.52	1.19	0.12	5.84	16.01	0	0.59	33.64	0.3	0
Psmd8	13.91	103.32	217.29	75.82	114.45	348.36	202.31	319.85	266.9	171.57	168.14	29.21	77.26	110.3	124.07	224.2	358.48	202.92	282.29	228.93	297.48	73.13	30	263.76	337.76
Tbc1d10c	0	16.22	0	0	0	12.1	39.05	0	30.83	13.74	54.21	64.79	0	0	0	0	69.1	65.2	7.84	196.34	243.22	23.46	39.25	238.93	9.12
Cd93	100.19	54.99	69.04	4.97	71.23	9.91	28.84	33.84	32.8	29.43	85.17	67.54	18.52	18.62	100.33	42.83	88.71	43.49	2.49	86.85	15.46	7.36	91.19	0	53.23
Sirt2	165.52	140.55	43.41	39.57	123.52	29.56	86.25	15.91	85.59	30.72	0	40.06	80.67	0	97.26	86.56	8.37	79.4	26.33	57.37	93.27	97.79	48.16	114.37	0
AK157302	23.78	35.11	36.52	11.94	3.26	44.33	61.85	20.42	11.64	59.07	3.05	28.79	19.01	0	18.43	11.97	5.86	29.67	21.6	0	15.79	5.28	8.67	13.95	25.64
Tmem147	80.55	206.69	59.03	6.45	69.92	192.97	64.12	155.78	115.64	102.16	120.87	26.06	8.84	1.06	61.98	174.03	25.63	0	140.86	131.64	99.8	78.52	88.94	58.4	287.67
Pdlim1	0	0	0	0	430.13	140.4	359.27	448.51	194.5	224.19	93.18	453.87	103.48	287.37	5.51	0	366.74	144.22	0	0	2.41	29.99	5.25	135.88	372.47
BC035044	0	0	0	0.01	0	0	0	0	0	0	24.48	2.1	0	0	0	118.79	28.88	8.26	46.52	0	0	0	0	0	0
Sar1a	0	1.75	123.85	15.11	0.41	52.81	56.19	60.02	65.73	174.91	162.83	3.91	28.56	219.93	0.91	57.72	12.82	2.28	18.14	26.62	39.84	99.22	58.51	178.74	0.41
Itgb1	181.62	153.8	57.34	39.21	258.2	102.02	144.24	42.71	87.63	187.66	193.14	99.51	52.66	83.36	166.75	103.22	21.7	58.77	79.18	65.03	97.71	118.14	92.62	30.35	115.76
B3glct	0	3.15	1.39	0.49	0	17.66	0	0	0.65	1.9	7.37	4.64	0	0	4.17	7.11	18.61	0	4.77	0	20.41	0	0	0	0
Mir99ahg	0.08	0.19	4.53	1.6	138.23	0.02	0	7.57	10.39	0	0.17	0.22	0	0	0.16	0.29	0.02	17.71	0	0	0	4.84	0	1.15	0
Mest	1167.22	2934.16	1739.57	1812.4	371.95	16.48	27.08	50.13	0.2	93.78	0	9.23	0	42.39	0	0.17	1.56	0.34	0.25	0.68	0	0	0	0	0
Podxl	90.69	59.22	24.14	31.26	0.76	0.01	19.67	14.04	14.46	27.37	5.96	13.99	23.39	51.72	0	0	1.59	0	0	21.09	0	0	0	0	10.12
Slc25a11	1.19	0.4	0.81	0.38	25.57	56.26	55.51	183.35	83.25	266.81	75.14	119.95	1.17	16.25	175.48	109.5	184.48	5.85	54.23	0.71	72.23	0.95	48.7	25.89	0.33
Rnf213	0	0	0	0.11	0	130.27	105.24	40.79	3.71	152.12	19.64	55.11	89.8	33.42	2.29	0	86.41	12.03	68.57	105.07	94.93	306.32	3.73	273.73	43.82
Ddb1	4.94	43.37	78.56	20.25	29.11	42.22	63.43	15.21	39.68	58.44	227.26	54.4	108.11	110.05	23.39	7.26	60.88	32.68	56.67	143.27	35.21	72.32	39.56	27.22	34.07
Cnot8	245.23	141.93	3.01	4.92	170.15	0.84	134.24	73.69	103.58	63.13	79.42	0.97	24.71	0.38	14.28	31.62	0.21	111.47	96.82	145.78	22.81	85.44	5.08	0	1.36
Tspyl1	13.69	3.75	12.26	0.14	43.74	54.89	31.65	16.01	20.79	12.78	13.73	4.52	64.42	20.13	27.5	27.17	72.84	14.74	73.76	37.75	19.49	45.78	5.39	121.81	52.41
Ccdc50	26.95	18.68	1.58	49.06	48.79	66.54	39.69	20.6	20.84	26.83	25.43	60.47	18.09	72.2	46.95	19.06	30.34	18.07	30.41	25.24	37.44	1.71	25.03	27.73	78.8
Eif1	99.1	242.81	254.36	158.14	222.22	398.33	199.28	340.74	381.64	469.25	204.76	241.35	351.74	214.93	298.27	533.55	144.86	340.23	237.27	115.51	207.44	102.52	97.9	267.54	258.07
Hist1h2ap	0.34	6.88	1.39	39.27	0.34	9.58	23.89	55.53	9.63	5.2	10.13	3.22	0.35	103.72	0	40.15	50.62	29.23	8.76	12.06	27.73	11.7	37.45	20.27	11.89
Wasl	11.89	0.29	0	18.75	3.2	6.87	16.52	12.66	25.49	28.11	18.27	43.27	89.95	54.25	31.58	0	10.11	2.86	15.5	0	0	71.21	1.38	0	1.05
Clta	95.43	42.99	149.3	201.02	125.78	334.82	505.98	319.81	468.73	561.84	226.41	271.65	259.33	9.13	190.14	87.12	323.99	371.36	343.36	829.22	163.2	215.13	177.34	214.15	442.97
Prtn3	0	0	0	3.66	0	139.25	159.93	0.7	59.74	2.88	100.88	0	106.98	42.04	54.58	57.32	31.41	276.68	153.08	111.1	0	145.69	136.64	416.98	620.28
Nfkbid	0	0	0	0	0	12.24	0	0	0	0	0.98	0	0	0	0	0	0.42	12.36	0	26.85	0	1.39	0	14.71	3.33
Smim14	0	1.94	0	0	44.18	0	56.52	13.24	7.53	82.86	36.35	2.89	171.7	0.01	0.02	205.33	2.81	44.87	0.07	0.85	80.05	1.88	9.83	14.95	132.63
Ptk2b	0	0	0.35	0	0.01	26.94	183.78	46.12	74.85	42.42	58.36	43.02	241.02	27	95.24	3.72	23.12	87.5	8.24	0.9	65.23	1.6	4.95	69.54	109.78
Mphosph9	0	14.82	0.7	0	0.02	0	0	12.85	2.19	0	16.15	9.69	0.02	0	45.37	0.01	1.37	5.02	0	1.9	48.13	0	0.01	0.21	0
Ogfrl1	0	0	3.14	1.45	2.65	10.44	20.01	0	35.73	18.12	25.54	0	36.48	29.35	49.54	32.64	2.62	67.5	19.1	85.16	0.5	4.71	106.61	12.47	0
Samsn1	12.08	0	38.19	3.84	0	38.9	0	0	0	18.98	36.57	0.86	2.79	3.2	11.81	300.38	129.44	244.92	35.34	104.28	102.67	107.74	85.71	71.63	261.84
Sash3	0	0	0	0	0	7.82	26.06	0	17.23	28.35	35.51	7.9	107.62	15.83	94.21	114.43	137.64	174.85	80.74	25.27	142.39	146.16	0.66	82.52	51.19
Gm12091	15.93	28.93	20.65	16.74	4.37	58.87	49.39	47.14	54.99	41.81	23.49	33.9	15.75	21.8	12.59	30.28	43.24	27.81	31.13	40.14	28.15	18.2	27.85	17.92	16.81
Rab1b	0	108.91	53.39	52.53	0	123.7	9.22	129.62	134.03	122.49	32.87	13.74	0.36	55.33	3.56	98.79	99.44	10.06	94.78	81.37	0	0	12.36	48.25	34.83
Prdx2	299.47	189.91	396.69	160.42	168.05	588.06	520.58	512.34	475.84	430.91	358.58	418.36	98.4	169.06	237.25	169.23	91.2	95.51	56.08	303.25	381.23	557.24	135.37	139.26	249.32
H2-D1	62.26	9.82	8.06	0	234.76	36.77	73.17	45.13	30.69	23.56	76.28	0	21.64	51.25	1.94	80.64	144.78	69.89	23.53	41.34	121.48	199.19	181.59	158.18	176.02
Sgms1	18.76	7.79	16.95	108.18	5.12	49.97	5.39	1.63	7.53	10.62	3.51	2.72	0.33	2.44	10.72	13.22	27.29	31.9	8.58	3.46	20.59	1.01	42.68	106.06	3.03
Dpagt1	2.1	28.42	18.74	54.11	0.29	65.81	0.15	60.7	57.57	84.27	0	106.75	0	0	21.34	0	63.3	145.04	41.83	60.9	0	0	0	0	14.94
Lap3	12.89	116.73	24.8	21.38	91.69	180.31	184.89	44.66	116.16	42.53	0.14	11.4	5.46	4.97	203.06	200.25	191.53	88.29	58.81	28.12	26.78	38.84	103.7	0.53	2.47
Eif2s3y	19.96	74.57	0	197.12	0	145.63	30.45	0	61.36	0	11.87	62.67	0	0	0	12.92	0	0	0	2.65	0	0	0	0	0
Csf2rb	0	0	0	0	0	0	0	0	0.14	0.07	2.06	0.95	0	0	0.16	16.85	0	7.45	31.82	59.34	0.45	52.27	0	0	0
Mfsd5	0	46.62	0	0.14	0	1.2	44.1	45.79	9.9	4.12	37.47	111.85	52.71	48.68	25.48	32.78	69.63	0	45.19	51.36	0	0	0	0	0.97
Kif1b	25.62	84.75	3.84	26.67	29.63	0.39	0.07	12.32	8.79	2	8.7	0	0.95	0	1.63	0	6.82	0	0.12	1.23	52.42	0.57	13.38	2.75	0
Cyfip2	0.05	0.02	0.02	0.07	0.08	0.03	4.93	4	0.67	0.16	18.82	26.57	20.63	23.16	6.57	120.3	14.29	116.44	25.29	20.06	47.92	23.66	88.04	50.32	29.7
Rpl6	663.87	1041.91	870.44	1052.26	749.56	2532.16	2222.26	1902.63	2752.92	1991.17	1135.85	1237.74	776.79	463.83	1009.94	2403.09	2109.74	1543.31	1969.44	1762.49	2432.64	2180.46	2321.64	1545.91	1475.45
Rpl26	668.03	1151.31	321.17	621.84	448.46	1397.42	1436.31	2102.72	1884.38	2062.87	1630.1	1541.61	1475.11	1737.28	1110.33	1579.11	1128.78	1390.81	1294.24	994.61	1260.39	952.51	1758.5	1338	1942.27
Vezf1	45.82	0	9.17	2.45	32.75	84.74	38.03	40.45	1.44	74.88	84.93	15.79	92.63	59.33	26.66	24.17	59.99	76.48	45.02	78.34	157.62	49.98	16.06	86.65	41.23
Rps3	420.09	412.54	374.87	338.5	128.66	1785.93	1354.65	1595.07	1619.38	1340.84	827.89	1064.53	640.91	561.33	994.91	762.24	757.47	819.49	898.05	828.44	894.51	974.92	753.63	556.73	590.14
Tmx3	5.55	70.93	9.78	16.7	18.12	19.61	35.45	10.83	5.78	42.38	30.89	2.46	18.35	10.78	143.72	28.46	0.08	52.63	1.13	0	1.71	17.81	31.89	14.47	56.57
Alas1	0.63	0	0	0	0.29	0	4	1.37	0.55	0	0	0	2.74	42.89	0	1.18	14.04	0	0	9.16	7.59	31.11	15.5	0	62.23
Syngr2	0.63	9.55	0	16.67	1.66	229.16	191.16	121.09	141.38	253.09	209.84	7.14	1.01	73.85	10.29	103.62	189.93	154.33	151.25	43.53	55.51	114.04	48.29	183.43	113.54
Tgtp1	0	0	0	0	0	0	0	0	0	0	0	0	0	0	0	0	0	0	0	0	0	103.94	26.4	0	0
Gm28438	45.11	107.7	62.98	38.9	15.73	20.4	51.73	79.66	39.05	44.51	95.34	120.32	269.28	177.76	154.93	138.22	67.95	50.17	88.56	48.48	290.87	179.74	237.45	264.48	224.53
Tubb2a	115.38	100.96	0.45	51.21	0	0	0	0.51	0	2.79	0	0	0	0	0	0	0	0	0	0	0	0	0	0	0
Gng12	0.94	32.44	9.32	80.64	38.89	36.7	0.07	4.1	7.16	10.81	0.17	40.62	0.15	22.29	25.73	0	7.32	5.58	0	0	0.03	10.76	31.28	0	14.06
Fam195b	44.26	51.42	116.38	132.25	0	62.9	68.79	180.57	106.64	57.89	0	0.72	99.17	0.7	9.41	2.44	36.8	116	37.17	265.53	8.88	7.81	99.39	15.57	0
Pigx	41.03	195.72	149.77	0	0	56.78	41.86	155.71	126.02	85.69	0	16.71	42.36	0	20.23	17.22	45.09	47.45	32.56	30.52	71.04	19.28	10.43	172.99	24.48
Ndufb9	0	110.82	101.92	11.6	20.64	165.31	226.54	93.19	209.17	108.5	94.1	6.44	49.69	75.43	62.7	102.43	101.95	9.07	154	34.83	71.7	99.82	4.57	98.92	105.57
Pde4d	0.13	0.1	29.4	2.77	0.26	0.16	38.96	0.37	0.02	2.48	3.18	0.02	0.08	0.08	0.95	1	49.59	79.08	49.9	1.13	0.05	0.65	80.54	109.32	0.27
Dnajc24	0.05	0	0	11.45	1.27	0.02	0	29.55	14.89	6.78	5.58	0	0.66	15.53	0.89	0	8.51	54.5	17.26	0	28.22	0.88	5.86	0	0
Atp1b3	100.76	167.73	2.84	133.14	92.3	51.62	19.43	45.11	100.5	33.5	99.59	110.47	69.25	118.03	0	73.24	54.42	19.2	52.46	86.19	129.31	206.63	75.95	3.92	145.03
Chmp5	117.21	0.46	10.9	0.48	33.24	1.17	82.99	0.75	1.69	0	0	0.55	23.23	7.45	0	28.7	65.22	0.07	24.25	35.97	0	3.79	9.59	0	32.95
Nus1	87.55	10.46	26.57	34.56	0	14.22	23.56	42.19	13.27	32.96	27.68	19.2	13.06	1.74	17.82	0	4.24	11.31	4.13	0	5.29	5.74	37.15	67.66	101.04
Unc13a	2.92	1.9	0	0.35	4.53	5.59	3.34	3.06	2.68	9.12	3	9.22	3.92	5.63	4.13	0.91	0.26	0.08	1.6	0.31	6.28	25.43	2.22	5.28	0
Procr	0	0	0	0	31.35	267.83	295.06	426.51	66.64	98.65	93.3	281.66	118.16	73.85	327.11	75.04	71.92	140.6	19.23	0	74.64	16.99	76.64	257.91	106.21
Emp1	0	0	111.44	0	69.92	0	0	0	0	22.57	0	0	0	0	0	0	0	0	69	0	0	0	0	3.43	0
Akr1c14	0.04	0.03	0.06	0.02	41.58	0.18	32.45	47.23	0.03	43.06	0.01	0.06	0.09	0.07	0.05	0.02	0.01	0.07	0.03	0.03	0.02	0.06	0.04	0.04	0.03
Dazap2	103.13	201.78	15.5	337.33	474.8	282.4	260.94	336.67	387.47	446.03	95.02	161.33	84.03	258.41	69.37	355.46	445.82	481.37	316.32	253.15	492.21	414.75	241.44	278.15	427.29
Cdc16	151.3	143.12	35	80.18	30.52	54.76	65.83	69.97	103.01	169.88	25.66	12.76	66.99	170.72	75.19	1.15	228.94	148.65	82.73	117.31	60.1	62.37	119.94	26.38	84.68
Epas1	69.23	73.99	2.5	23.44	278	2.28	14.79	9.94	0.31	15.36	0	3.83	0	0.41	0	0	0	0	0	0	0	1.96	0	0	0
Ran	73.37	609.99	130.94	171.55	20.5	306.66	425.6	504.33	585.25	553.47	187.14	160.22	144.68	64.55	129.75	584.22	422.18	48.39	608.2	409.8	282.49	62.7	330.7	154.57	157.91
Nfkbia	26.85	39.98	128.34	7.14	191.43	6.6	38.68	37.37	26.91	183.55	42.44	207.37	51.93	78.96	33.29	0	7.15	60.82	0	2.01	5.65	0	64.71	0	0
Maf1	1.19	48.35	1.89	1.58	127.52	40	3.79	162.31	48.92	246.67	58.32	1.24	33.87	73.15	19.12	156.6	48.9	23.8	13.04	9.79	10.52	6.49	11.51	0	14.06
Sumo2	226.1	369.98	35.21	206.06	73.29	431.46	322.05	508.13	481.94	386.86	78.84	171.52	272.33	155.82	70.91	818.21	484.7	230.72	459.42	149.58	242.28	98.99	239.6	132.73	119.22
Tipin	33.62	127.46	4.31	52.13	0.5	10.01	181.96	66.98	64.1	86.73	84.44	2.87	5.25	11.13	0	34.27	210.76	5.62	205.15	111.43	129.09	0	84.47	37.9	78.12
Tpd52	0.36	0	0	0	0.12	85.95	2.81	46.72	3.82	14.7	0.03	42.15	23.11	0.31	1.28	242.12	5.12	89.17	0	118.11	52.02	6.46	0	81.81	0.08
Mapkapk3	0	0	20.01	0.07	0	114.86	40.35	30.51	0.12	11.74	15.14	6.3	0	0	68.19	0.01	9.93	49.55	95.26	10.13	26.75	107.17	4.76	0	365.71
Gm28933	212.15	5.52	105.63	0.7	20.26	21.08	10.64	21.94	58.11	31.46	15.59	6.01	10.74	92.52	9.04	29.33	0.63	9.04	0.5	0	0	64.17	4.29	0	6.21
Alad	0	61.03	0.62	29.72	0	67.47	103.49	21.31	31.58	34.38	0	0	8.79	0	0	81.16	29.72	0	71.88	32.45	0	0	163.6	0	0.99
Rpl23	188.02	618.1	220.71	435.42	169.21	557.07	678.94	913.03	752.64	895.12	374.38	349.1	395.44	263.82	484.47	796.9	487.95	519.39	638.64	576.07	831.06	871.02	859.67	899.13	661.25
Klhl4	151.41	170.78	49.21	2.58	59.04	3.91	0.08	51.61	5.99	0	52.31	7.02	25.02	0	22.75	0	5.58	2.29	0	42.03	10.04	0.12	34.99	0	0
Stk4	0.09	25.39	5.47	0	0.1	22.48	11.89	23.51	35.99	26.8	32.12	2.04	18.41	39.13	4.48	96.39	4.71	4.17	50.38	0.1	18.29	96.69	1.46	159.97	44.3
Gm17383	87.47	147.85	30.02	121.55	29.14	57.23	82.19	132.68	79.71	52.15	97.19	50.95	76.55	68.49	7.86	98.44	155.16	17.65	73.73	78.65	130.44	37.99	71.59	33.09	42.55
Snx6	1.03	116.46	22.78	9.2	127.46	10.47	106.72	83.11	59.6	87.18	29.24	58.47	36.63	97.98	10.78	149.17	157.53	338.8	43.68	183.75	0.01	17.29	0.02	14.64	166.82
Hells	0	38.66	4.2	11.77	10.64	15.48	39.39	0.3	9.34	50.33	52.81	12.27	28.17	23.17	3.67	55.87	39.67	0.01	43.75	14.9	3.99	0.06	0	57.82	38.12
Capn2	355.38	118.55	280.98	73.51	57.88	2.47	70.04	1.3	15.34	15.15	60.97	231.64	59.52	155.68	146.72	46.93	50.62	0	12.66	2.58	99.1	54.18	139.46	15.38	0.17
Msh3	0	0	16.23	0	0	2.82	32.23	0.74	25.5	35.23	129.9	1.25	75.75	0.4	79.75	237.81	20.22	0	31.02	107.54	0.59	0	42.89	8.19	88.61
2610524H06Rik	0	6.07	0	0	0	7.21	21.94	38.56	43.33	61.44	0	5.83	59.29	25.47	0	48.81	71.03	174.09	0	0	137.06	0.48	0	36.8	0
Pole4	71.2	8.27	79.74	126.01	1.47	47.88	44.79	61.1	32.71	72.7	2.57	70	97.44	28.5	3.71	248.65	53.42	31	91.02	37.52	42.82	133.3	102.91	4.75	160.03
Gm8909	0.92	0	0	0	2.63	0.48	1.1	1	0.24	0.51	2.38	0	0.37	0	0.14	1.94	0.43	1.61	0.32	0.28	2.7	0.87	1.38	1.44	1.84
Dbn1	129.08	112.7	130.04	5.39	12.6	0	0.28	31.78	0	7.76	0	133.28	4.51	0	0	0	0	4.5	0	0	0	0	0	0	0
Celf2	0.1	0.18	0.21	0.11	0.03	168.08	46.24	12.3	25.97	30.53	153.54	187.16	186.69	36.65	154.29	92.21	80.04	270.94	256.93	319.77	176.18	311.25	120.08	156.92	64.25
Lgals1	0	2.05	0	0	26.35	0	14.43	10.64	22.3	12.56	34.77	0	0	23.55	0	57.3	32.59	38.77	49.84	97.54	100.83	0.59	24.96	5.38	0
Limd1	6.57	105.18	86.49	21.18	0.3	17.84	13.49	17.79	2.44	13.76	4.76	25.24	4.17	3.46	3.13	3.34	43.51	5.15	3.73	37.4	0.15	0	2.12	96.72	55.39
Larp4	0.67	1.89	1.04	11.11	0.3	0.94	2.4	1.06	3.78	1.2	1.16	1.03	7.07	2.98	18.89	4.27	7.51	3.47	3.94	0.86	0.87	1.14	0.9	0.05	0.03
Heph	2.25	103.68	5.52	0.05	0.22	0.28	0	66.73	6.01	0.23	17.65	6.22	15.33	0	6.94	0	0	0	0	0	0	0	0	0.01	8.82
Pag1	0.01	0	0	0	0	0.04	0	0	0.31	0	0.08	0	0.01	6.59	0.18	25.95	8.26	0.05	0.32	0.11	12.2	21.72	0.1	2.8	19.2
Sp110	0	0.35	0	0	67.2	109.56	89.53	20.41	0	0	103.23	124.55	42.37	9.64	90.57	102.66	106.02	145.81	73.12	8.42	18.77	75.31	293.04	38.34	0.29
Mcam	71.42	21.14	16.19	23.51	23.81	0	0.3	17.07	2.6	12.1	0	0	0	6.53	0	0	0	5.85	0	0	0	0	0	0	0
Rhof	2.96	0.02	5.88	0	31.28	13.95	5.33	27.47	14.03	0.03	3.94	0	4.68	0	0	0	0.56	0.3	0.91	1.37	0.13	0	0	29.19	0
Ctnnd1	15.7	51.48	86.68	9.2	24.83	62.74	4.71	20.4	53.15	22.77	46.49	37.52	58.29	32.23	50.68	0.01	9.35	3.68	1.36	54.89	188.06	47.92	0	11.06	0
Socs2	26.54	0	0	0	0	0	21.41	0	3.21	0.17	2.75	0	0	65.13	0	0	0	0	9.2	0	0	0	53.18	0	0
Cd53	0.23	0	0	0	0	29.46	0	0	0.41	0	7.84	0	0	0	0.47	170.96	66.68	141.08	12.55	58.77	4.45	0	0	1.05	0
Arhgdib	0.58	1.28	0.65	58.69	97.36	465.3	264.85	420.44	561.25	413.15	67.92	114.27	314.18	69.5	197.53	239.79	830.19	352.94	577.18	560.66	1030.78	429.39	352.49	188.77	572.51
Rpl5-ps1	41.61	48.01	76.76	55.67	41.6	164.03	105.72	121.21	138.84	110.24	101.64	83.4	58.12	56.4	72.66	142.31	139.84	115.33	135.69	129.93	68.36	146.66	115.37	58.67	89.67
Rhobtb3	0.3	0	13.72	0.7	59.84	30.42	29.31	7.99	35.51	27.1	7.72	22.12	62.5	4.39	66.75	17.51	8.07	25.2	0.08	112.35	8.47	0.15	1.11	0.15	0.21
Klf6	41.21	0.3	69.32	26.71	0	37.52	49.02	146.33	52.7	76.44	72.79	64.2	85.98	120.25	29.92	168.66	12.53	133.63	135.97	21.78	41.5	163.09	15.89	99.93	0.75
Tor1aip1	56.6	12.67	0	9.32	0	154.64	0.14	19.03	18.86	25.53	101.66	2.24	4.09	73.73	0.21	74.96	26.77	2.02	13.32	0	6.53	8.41	3.47	0	0
Eogt	34.64	176.65	39.55	69.49	24.57	25.59	11.38	0.12	8.46	7.46	0	1.57	0	0.66	0.01	0	0	0	0	10.04	0.81	0	0.01	0	0
Hmbs	13.72	2.26	0.46	109.11	1.12	79.24	96.16	175.92	107.92	23.8	100.07	112.97	0	0.53	80.87	407.95	54.68	0.3	16.35	54.97	92.09	90.31	100.02	146.7	12.54
Gm14760	33.38	45.33	36.66	48.56	25.29	80.84	85.02	42.13	75.93	64.52	40.24	19.2	12.86	19.09	13.55	50.07	64.78	29.22	60.12	98.55	33	25.34	38.59	20.04	21.27
Vav1	0	0	0	18.33	0	0	0	0	16.95	19.69	81.2	0	35.41	43.48	4.15	33.63	22.61	113.77	44.02	30.34	0.74	62.94	1.86	78.5	194.32
Myo1g	0	0	0	1.31	0	53.33	1.71	0	0	0.12	5.2	0	0	0	110.7	11.97	11.98	135.1	114.74	79.44	0	0	0	132.26	20.82
Tor4a	0	0	0	0	0	0	0.66	11.8	14.15	6.74	0	0	41.02	41.01	0	21.63	0	7.29	16.01	0	18.64	0	2.84	22.13	86.43
Hbp1	107.47	22.33	181.42	57.18	10.9	16.73	19.61	46.7	22.67	74.61	38.61	48.78	110.03	108.5	2.1	4.4	17.69	1.76	12.46	109.95	13.78	3.59	45.16	90.58	5.82
Pnpla2	0	12.46	0	0	13.35	59.55	21.58	0.32	87.46	146.45	71.16	5.49	37.52	90.74	79.22	1.46	34.35	137.18	30.81	99.11	0	1.36	14.62	139.77	235.09
Ranbp1	237.77	316	5.24	68.78	77.67	380.87	436.25	298.44	525.8	344.58	57.87	24.13	143.85	133.82	149.71	190.18	220.86	93.42	364.5	152.69	280.3	13.33	60.76	71.72	84.14
Fos	0	0.32	121.79	52.56	933.63	10.18	123.49	384.44	30.58	0.17	81.66	232.31	14.19	58.77	46.16	145.59	296.58	138.99	22.07	0	287.75	138.84	405.71	667.16	0.26
Rab37	0	0	0	0	0	0	3.67	0.56	14.67	21.4	0	0	0	0	30.78	0	23.49	34.99	0	0	0.01	0	0	0	4.72
Eif3i	100.11	117.38	2.7	257.61	13.61	336.48	796.74	523.3	610.53	523.33	139.7	76.19	222.43	249.97	150.05	332.61	321.77	37.01	375.47	412.94	199.31	365.9	337.3	120.88	330.51
9430008C03Rik	0.22	53.34	15.46	119.87	2.01	1.72	0.21	8.74	18	8.33	1.14	15.93	17.29	0.48	46.25	0	11.75	18	0	71.46	0.93	0	5.8	20.93	72.29
Anln	0	0	0	16.99	0	6.62	15.93	12.85	0	1.78	33.06	0	0	5.13	0	0.76	27.6	0.3	6.81	0	0.01	0.75	0	0	0
Pcbd1	0	0	3.93	8.89	87.86	40.98	5.6	31.43	94.26	99.51	0	7.15	46.59	0	1.19	0	20.54	2.73	29.84	0	0	0.59	0	0	0
Ppap2b	55.09	5.39	1.66	38.24	2.33	0	0.17	0	0	0.28	0	0	0	0	0	0	0	2.42	0	0	0	0	0	0	0
Mpzl1	61.31	344.53	468.83	104.1	148.59	76.82	144.89	208.73	82.31	322.9	51.11	165.55	10.21	336.78	40.97	41.03	0.19	182.59	0.15	0.2	79.3	157.6	167.76	0.27	1.77
Nckap1	39.95	167.54	67.85	59.11	146.62	0	16.18	30.8	0	26.48	0	1.4	0	0	0	0	0	0	0	0	0	0	0	0	0
Zfp521	0	6.44	11.53	0.06	123.8	34.58	57.64	55.62	10.49	18.13	7.69	35.54	57.46	29.14	34.44	0.26	6.16	0	3.64	0	31.35	0.4	8.81	26.18	0
Pfkfb2	0	0.04	0	0.07	0	0	2.31	0	5.14	0.07	0.1	1.49	4.74	0.81	0	0	0.13	0.26	29.16	4.55	0.8	0	0	0	0
Smc5	0	0.54	29.3	5.49	11.4	23.86	38.23	44.98	37.73	16.35	23.06	64.9	74.14	72.26	48.01	1.37	43.51	48.7	43.83	14.19	13.72	68.28	20.93	211.83	3.43
Eci2	207.73	0	78.53	85.13	88.15	99.34	12.31	112.68	60	56.29	24.18	94.41	5.92	0	0	271.31	82.84	193.8	5.95	255.98	27.44	52.25	199.59	18.24	12.23
Efnb2	68.2	10.48	30.22	5.51	137.52	1.71	14.11	18.47	3.51	20.34	6.51	9.31	2.99	0.17	1.24	0	0.64	0	0	0	0	3.55	0	0	1.69
Stk16	0	191.88	76.15	0	178.22	203.39	33.51	3.52	81.72	178.47	95.73	36.02	28.72	0	13.84	1.18	26.53	127.67	239.66	155.9	74.5	100.64	105.96	0	246.06
Adk	0.63	0	2.67	83.91	0	0.09	61.99	0	22.16	19.68	23.37	2.36	0.08	0.21	6.9	108.98	50.39	181.9	53.28	6.5	32.13	2.26	11.01	21.89	0.36
Tor2a	0	0	0	137.1	123.05	79.65	95.89	94.79	118.04	98.98	11.57	2.78	56.49	0	0	18.59	12.84	0	95.9	115.78	104.91	0	1.71	69.87	0
Ninj1	0	0	0	0	22.95	48.69	140.48	72.8	72.42	6.5	102.58	0	77.53	132.54	0	61.49	44.56	0.45	47.53	94.87	21.57	0.79	1.02	0	0
mt-Rnr1	561.96	1322.15	163.18	394.29	265.79	496.86	286.9	380.22	210.42	267.39	682.41	447.61	960.38	340.69	619.78	479.38	695.26	1447.48	307.11	463.42	678.02	649.87	523.11	110.67	198.77
Hmgn2	414.52	559.22	160.7	417.55	428.92	1204.48	961.01	1239.68	1479.16	1543.97	437.06	1064.34	443.26	222.79	384.39	726.33	1283.35	921.33	1102.84	1339.96	774.92	686.24	734.78	526.97	448.11
Ywhaq	482.38	645.89	591.6	503.86	393.68	199.41	423.75	323.4	437.55	450.6	300.03	158.78	239.54	205.78	197.86	548.44	422.17	295.75	522.64	985.34	24.62	174.04	307.51	43.51	336.5
Gm12918	36.6	84.6	44.14	49.9	31.16	160.76	108.22	159.4	152.08	152.75	292.84	302.17	191.62	104.69	137.87	161.26	125.56	121.32	134.12	121.39	141.59	131.5	117.09	114.6	79.44
Hsd17b10	66.47	0.8	34.63	108.8	0	86.36	131.65	133.72	165.55	35.23	52.96	39.02	95.31	37.91	26.7	68.45	0	12.39	42.77	186.24	109.11	18.73	27.82	0	0
Ttpa	0	0	11.92	1.87	112.11	111	37.99	1.16	51.29	43.8	8.58	91.46	87.97	56.08	181.65	97.19	18.05	0	0.55	12.46	200.53	0.13	1.28	0	0
Wipf1	35.42	62.34	105.31	52.86	2.39	14.95	14.8	5.09	0.14	8.41	7.71	0.57	0.26	0.37	3.22	0.62	45.61	1.05	4.6	24.06	77.31	0	0	0	13.23
1110007C09Rik	0	0	0	0	0	5.75	33	16.33	63.74	98.15	0	26.42	4.89	1.17	0	45.79	19.42	0	0	0	0	0	5.13	0	53.87
Elmo1	68.75	46.83	30.6	25.44	0.66	17.68	140.65	61.69	62.89	14.13	280.43	343.24	208.16	216.34	102.53	52.38	134.27	270.14	82.58	170.91	140.1	69.99	202.05	206.59	74.18
Ednrb	0.1	0.49	98.97	53.65	4.02	0.08	0	0	2.53	0	0	0	0	0	0	0	0	0	44.47	1.27	0	0	0	0	0
Mrps14	0	24.88	37.02	21.08	38.08	48.81	27.34	32.77	77.62	72.63	9.99	26.01	23.88	0	30.58	125.68	0	0	6.6	15.63	44.98	59.44	30.45	24.96	22.21
Gnb2l1	1194.17	2355.81	1582.94	1456.85	994.28	4534.15	2619.26	3430.76	2750.64	3524.98	2057.15	3153.61	1836.47	2207.69	1298.82	4371.33	3127.4	4017.46	3449.38	2701.38	2695.92	3750.3	3027.61	3642.43	2849.83
Dtx3l	0	0	0	0	0	0.04	1.58	0	2.32	3.05	0	1.13	2.88	0	1.43	0.7	2.42	0.54	18.81	58.55	0	8.11	1.52	1.27	2.73
Golt1b	0	5.51	0.23	48.62	0	18.31	10.96	13.35	7.61	13.72	7.44	21.58	17.08	6.15	0	1.84	1.87	0	7.33	0.6	55.3	23.59	27.34	0	0
Ifngr1	125.58	99.92	105.18	5.95	0	109.91	109.94	17.16	74.17	17.8	22.13	19.14	216.58	0	14.47	364.74	91.73	275.3	146.89	0	0.11	262.69	214.53	1.13	56.95
Gm11209	0	0.1	0.42	0.89	12.77	0	0.04	0.14	0	0	0	0.25	0	0	0	0	0	0	0	0	0	0	0	0	0
Ppia	2055.3	2114.87	707.28	1123.92	768.06	2691.47	3278.24	3174.58	3819.19	3844.75	1196.23	1341	1259.6	1248.38	1270.33	1849.24	2039.24	450.17	1712.15	2180.63	2216.48	987.08	1513.03	1381.57	1820.82
Cercam	0	0	0.02	0.04	0	4.36	2.19	0.78	16.84	3.9	20.56	0	1.87	0	1.45	13.49	0	0.16	1.06	0	0.55	0	15.88	22.31	29.92
Ltb	0	0	0	0	0	154.85	0	0	24.04	0	2.1	15.86	40.22	45.13	68.17	0	32.48	29.8	0.87	23.55	66.54	170.91	76.94	53.04	141.31
Gm8730	10.76	15.68	8.93	9.91	6.61	29.29	13.9	17.93	18.31	15.37	52.02	31.7	17.98	25.36	19.18	27.92	49.1	22.95	28.57	31.2	29.96	24.1	40.56	24.86	11.62
Rfxank	0	0	0	3.94	0	0	0.07	5.18	4.08	7.26	0	0	5.25	0	0	8.62	0	21.93	0	0	12.83	7.29	0	0	0
Diap2	0.5	0.12	0.18	8.85	0.48	0.06	8.43	10.95	0.04	0	23.53	4.62	6.03	0.24	2	6.01	1.5	8.3	0	0	27.88	0	0.1	0.14	1.69
Spn	0	0	0	0	3.47	24.73	0.86	4.45	0.71	2.06	1.14	5.11	49.3	0	3.49	6.2	9.57	20.05	3.07	4.95	0	0.1	15.23	21.22	0
Tspan15	64.22	2.87	1.79	22.17	0	0	0	0	0	0	0	4.68	0	0	0	0	0	0	0	0	0	0	0	0	0
Ica1	1.39	2.97	29.01	82.1	0	64.45	48.96	35.68	36.27	71.58	0.02	82.73	0.02	0.43	135.32	0.95	10.71	0.28	109.05	0.01	151.67	37.71	1.3	215.41	126.6
Ethe1	0	0	0	6.09	0	30.41	0	0	36.29	39.73	0	0	2.75	0	0	42.07	34.41	0	82.7	0.31	0	33.64	14.93	0	28.41
Gnai2	358.22	127.85	162.56	78.62	140.76	158.26	224.48	104.25	128.27	120.79	225	73.1	160.38	77.82	190.18	229.9	87.5	64.94	97.67	89.14	134.54	176.99	152.04	124.66	163.34
Derl1	29.02	51.29	26.78	2.12	140.56	3.75	38.89	28.01	52.71	21.32	29.48	116.23	9.99	66.79	10.76	44.42	4.34	105.69	4.3	1.86	150.03	46.92	32.77	3.67	8.31
Arf3	78.4	0	24.51	0.06	35.57	27.65	99.26	20.07	64.59	14.25	67.15	6.01	98.38	6.63	41.17	47.03	49.8	5.88	30.45	2.79	133.6	7.08	67.19	28.66	32.13
Sh3glb1	32	53.28	25.43	28.76	56.92	22.97	15.47	11.93	13.95	2.7	0.28	5.76	0.66	13.33	0	93.23	3.97	7.09	24.79	0	0	8.33	1.52	3.75	16.1
Vdr	0	0	0	0	0	20.35	15.48	10.44	3.7	8.67	9.18	13.56	21.01	17.78	0	0.86	8.9	0	0	0	0	13.87	5.48	1.15	0.02
Tnfaip3	0	0	1.18	0	0	5.71	0.06	0.41	0.23	0.08	79.4	0.35	56.92	0.34	14.98	27.68	0	0.1	0	0	0	0	25.48	4.32	27.04
Ercc8	0	9.84	0	1.54	0	0	2.27	0	17.66	10.21	0	0	0	0	0	0.21	2.2	0.23	0	0	0	0.21	103.23	0	0
Zbed4	39.04	0.23	57.17	16.28	0	25.5	12.95	18.04	12.03	8.37	32.98	7.19	30.78	0	27.81	19.73	21.02	29.81	4.74	21.5	81.02	1.23	24.89	12.12	20.13
Ddx27	0	0	34.69	31.62	0	4.51	6.57	8.37	7.04	19.45	23.24	55.91	50.79	97.41	17.96	0	59.26	36.29	5.39	72.04	0	0	54.05	15.06	70.5
Cyth4	0	0	0	0	0	1.07	100.51	2.61	47.43	2.57	41.72	66.55	20.21	0	4.22	0	1.31	13.06	37.49	54.77	1.06	0.28	21.82	0.21	0.77
Smn1	0	0	57.39	0	0	0.07	7.34	23.84	44.58	20.32	41.44	15.61	49.32	59.65	17.08	31.45	41.99	116.68	9.14	9.38	11.96	11.24	93.76	0	19.5
Elac2	0	1.12	6.14	14.39	2.05	27.14	0.18	76.81	16.62	17.89	29.99	7.03	1.76	8.61	0.91	6.71	36.04	38.56	10.45	0	0	1.73	0.2	4.35	0
Gm13139	12.76	1.48	0.95	15.04	0	12.82	14.28	1.21	36.83	7.24	19.14	10.58	87.15	116.61	151.26	13.16	17.05	3.81	27.25	0.99	13.03	46.29	69.71	34.18	0.29
Trpc3	0	1.55	176.78	172.6	0	0	0	0	0	0	0	0	0	0	0	0	0	0	0	0	0	0	0	0	0
Gm12924	3.52	0	0	93.71	0	0	0	11.05	0	0	0	0	0	53.13	81.62	47.6	35.01	0	0	0	0	0	0	0	0
Oasl2	0	0	0	0	10.85	0.34	0	0	0	3.12	0	0.4	132.79	0	5.6	68.63	128.87	117.02	32.08	2.59	0	267.34	18.82	16.63	45.82
Gm10184	22.6	0.87	4.69	45.17	0.14	0.06	2.59	63.73	0.27	3.23	8.21	0	1.24	10.25	10.74	3.83	14.05	0	0.28	0	5.92	0	0	0.1	23.6
Klhl23	48.95	0	10.59	0.52	0	0	30.07	8.52	18.34	23.67	1.37	11.97	16.38	35.79	44.85	0.09	72.71	0	0.33	38.4	50.63	89.69	50.17	0	0
Acd	0	22.26	33.66	18.59	122.61	122.55	76.15	47.17	89.97	41.22	9.87	20.71	48.11	0	9.5	60.63	0	109	7.58	73.39	54.37	176	80.75	0	122.78
Myo9b	0.49	1.04	4.92	0	0	0.26	12.22	9.72	8.72	8.53	36.66	18.89	13.95	20.97	0.32	15.13	26.09	0.11	36.75	3.34	13.4	9.68	2.71	0.86	0
Gstt2	0	0	0	0	0	0	0	32.63	26.24	14.66	0	0	0	0	0	43.86	0.33	1.38	0	0	13.5	13.42	0	33.62	64.92
Nucb1	0.64	3.5	43.48	36.71	53.7	31.22	17.8	43.66	30.42	10.87	72.64	154.57	11.84	5.95	170.47	1.08	1.18	4.1	283.44	1.4	70.55	8.94	11.13	57.7	102.89
Gm4609	11.62	14.76	13.74	16.43	8.68	25.33	29.83	12.83	25.77	21.05	14.12	6.99	4.85	7.08	4	16.7	24.86	10.13	20.77	34.54	14.1	8.72	12.84	8.38	6.73
Tada2a	0	0	0	8.46	0	21.79	51.84	0	32.83	18.64	46.74	0	0	214.89	0	0.51	91.72	62.29	17.32	0	34.48	0	32.71	17.9	40.74
Tkt	0	1.39	42.92	31.37	11.16	52.99	88.6	59.57	129.22	70.78	38.41	16.87	8.75	6.02	11.12	265.32	55.3	0.26	120.11	92.34	66.46	33.76	59.85	15.02	125.44
Dock2	0	0	0	0.09	0	11.15	38.29	11.37	11.02	2.07	45.07	19.48	41.34	27.92	6.19	25.19	50.96	107.9	40.5	43.24	29.47	150.88	69.77	76.21	88.52
Samhd1	0	1.37	41.8	6.7	0.28	12.17	1.43	3.15	7.33	29.54	43.04	0.78	10.42	22.18	122.95	193.31	84.88	160.49	109.58	18.05	2.39	193.96	18.35	9.15	0
Ccndbp1	23.28	0	153.68	1.54	0	59.76	0	13.7	106.5	6.61	158.98	0	6.64	79.54	0	13.06	72.23	0.29	0.87	69.83	0	0	87.03	28.32	0
Npdc1	319.61	64.69	27.32	13.97	66.83	0	63.82	29.88	0	0	0	0	0	0	0	0	0	0	0	0	0	0	0	0	0
Raf1	0	53.17	10.82	18.42	15.09	12.64	49.27	5.9	37.46	32.21	58.64	65.16	26.38	43.45	19.52	9.74	13.58	10.87	15.79	5.89	0.36	0.13	4.72	59.96	3.45
Lyz2	0	0	0	0.2	0	144.26	530.12	71.09	100.55	0.32	428.12	94.52	108.96	1.32	281.41	89.66	361.66	797.03	250.65	0.37	128.84	420.38	561.12	270.39	330.79
Rps16	624.09	1278.04	720.37	880.29	312.25	2289.7	1833.6	2298.6	2550.88	2046.96	1237.78	1396.26	1326.03	935.97	777.45	2026.66	1340.73	1358.74	1235.07	1097.63	1511.14	1471.9	1530.24	895.96	1560.11
Coa3	0.53	6.26	33.13	1.26	0	37.6	66.56	39.99	53	30.81	0	7.4	7.75	0	1.06	119.49	30.59	0	50.42	0	43.08	1.56	0	0	10.21
Rhbdf1	0	151.71	10.53	9.01	75.86	2.33	29.93	49.45	15.49	30.97	0	139.74	30.86	0	0.56	0	0	0	0	0	0	0	0	0	123.51
Slc50a1	0	0	0	0	0	54.09	26.18	74.64	55.52	21.7	7.16	0	0	0	92.86	144.48	65.71	16.36	24.68	0	76.55	5.9	60.48	144.92	8.25
Gpx4	107.03	264.41	219.01	14.67	385.59	436.18	555.34	437.11	465.44	344.12	156.76	76.57	219.56	116.98	111.17	267.66	167.56	1.22	132.31	186.47	410.01	303.45	219.25	24.8	244.31
Carhsp1	0.27	147.25	75.35	2.36	63.16	4.17	9.06	26.81	31.63	31.64	2.15	0	6.22	1.85	4.12	0	0	0	0	30.54	45.07	2.16	0	0	0
Colec12	0	47.5	0.26	1.42	0.93	0	0.08	0	0	0	0	0	0	0	0	0	0	0	0	0	0	0	0	0	0
Sox7	287.14	18.8	50.94	46.97	270.93	0.4	74.71	119.9	0	0	0.22	84.88	0	37.73	0	0	0	0.13	0	0	0	0	59.62	0	2.26
Gm8399	56.15	37.29	43.8	32.76	10.73	33.16	10.83	16.03	42.22	58.05	15.12	30.08	10.49	22.29	66.15	50.34	43	20.31	35.28	34.2	29.25	1.27	3.31	7.47	19.67
Ptms	30.34	20.52	0.66	0	16.4	25.95	0	29.25	4.74	34.17	84.17	58.06	1.86	27.42	20.69	0	0	0	6.68	0	0	0.38	0	0	0
Chchd4	0.35	34.3	0	0.81	0	76.74	49.8	45.9	50	40.31	0	0	0	8.07	0.7	0	152.78	0	62.77	0	123.55	0	20.71	0	0
Lrrc32	5.01	8.79	52.99	43.5	0	30.85	22.97	4.2	19.78	1.83	4.83	26.44	0	0.39	5.44	0	0	0	0.81	0	0	0	0.14	0	0
Fam181b	0	0	0	0	0.3	0	66.62	26.13	7.38	110.29	16	15.93	17.62	1.29	6.22	0	3.7	0.25	0	20.44	0	15.04	1.27	22.78	22.88
Phka2	0	0.53	0	0.69	0	26.25	0.02	13.64	23.55	17.51	31.18	0.93	5.18	6.74	7.23	0	8.99	1.56	0.26	0	12.36	84.57	3.49	158.18	73.95
Rpsa-ps2	12.93	10.56	20.81	11.28	3.14	39.09	23.08	19	18.84	12.41	37.01	32.82	15.97	18.94	42.87	21.23	50.85	28.02	21.39	19.95	21.55	20.63	14.21	13.15	22.59
Ramp2	103.07	203.26	363.26	250.59	779.16	223.53	174.08	533.13	150.23	388.93	0	108.16	19.14	65.65	17.01	39.96	107.94	0	68.6	5.88	43.2	0	18.68	7.12	0
Actg1	3543.92	2787.02	3342.47	2074.93	1068.55	2535.87	973.11	1842.29	4241.62	5609.01	849.07	1933.77	1247.17	1373.67	4213.32	3373.62	2120.73	1442.07	2378.49	2526.66	2968.06	120.48	225.84	954.92	1534.3
Gm10116	43.65	45.94	42.38	30.45	35.74	61.81	73.25	82.03	66.84	70.25	42.35	59.65	29	25.84	47.85	63.78	51.25	52.66	41.11	74.83	32.53	31.17	22.54	25.9	51.92
Bcar1	153.71	61.66	96.23	42.89	6.97	0	0.26	0.23	0.11	27.51	0	0	0	0	22.55	0	0	0	0	0	0	0	0	0	0
Abcb7	31.4	6.79	3.22	44.68	0.02	7.33	7.72	10.37	2.36	8.84	36.45	19.45	24.95	0.72	42.64	35.15	5.99	72.65	4.29	3.18	14.12	20.84	22.12	60.96	42.08
Pebp1	108.86	167.36	52.3	119.17	251.52	387.74	654.73	397.3	562.12	404.13	236.92	363.04	208.93	261.09	419.96	172.25	446.61	338.76	380.61	231.19	130.6	557.63	157.96	144.75	208.23
Zfp322a	0	0.13	0	2.18	69.96	30.22	0.11	3.81	4.47	21.08	0	4.99	0	1.66	30.11	0	0	0	0	0.75	0	0	0	0	0
Pno1	3.48	238.62	0	0	0.37	2.53	63.4	61.21	138.32	55.39	19.5	5.39	0	55.88	97.98	32.6	27.18	111.21	63.17	0	104.72	0	0	115.34	81.78
Zfp9	0	42.34	1.94	3.15	113.9	0.12	0.02	0.04	0	9.82	0.1	0.13	0.24	0.19	0.23	0.1	5.97	0.09	0.18	0.1	0.04	0	0.02	0	2.52
Zdhhc6	0	40.16	79.18	20.17	7.54	84.1	12.86	6.64	57.41	16.79	85.39	0.35	35.11	0	1.83	2.33	21.94	0	22.03	0.07	5.76	15.59	71.41	14.51	34.91
Rps27	7.46	143.96	14.83	66.78	41.72	113.94	125.35	260.1	128.53	221.88	112.25	75.81	280.84	142.2	245.07	253.61	83.6	178.77	104.88	63.36	636.9	621.75	317.21	324.87	407.55
Rpl34	105.66	252.16	143.25	208	75.25	267.28	848.27	968.56	489.47	875.09	429.36	542.29	386.06	493.09	415.1	682.05	356.69	276.79	281.23	254.34	434.36	436.5	522.35	298.22	726.63
Cmas	0	139.21	2.38	48.84	35.67	81.01	88.31	101.49	83.71	27.31	35.62	124.25	70.98	83.3	45.25	167.56	103.85	154.06	182.38	31.53	50.61	108.66	120.25	22.96	2.56
Ppfibp1	22.23	28.51	81.47	42.64	0.75	0	32.96	26.07	2.89	11.79	106.94	10.59	30.29	47.32	94.62	0	38.67	0.09	0	0	0.02	0	30.36	29.17	4.68
Plagl1	519.92	446.48	425.22	193.67	238.94	128.07	62.45	74.37	94.79	132.94	46.06	52.96	53.17	45.75	0	0.16	5.25	0.23	0	0	0.95	51.79	12.72	0	0
Ece1	30.09	21.36	30.44	11.9	11.71	21.61	24.14	18.33	1.23	40.08	52.46	27.46	15.42	87.54	8.36	3.11	0.81	15.74	0	0.67	21.7	0.08	0.19	0.24	0
Igf2r	7.54	1.86	3.76	2.35	4.29	14.21	5.66	0.26	1.16	8.33	1.08	0.58	0.61	21.88	0.59	3.61	0.99	0	6.57	6.83	1.74	0	0.24	13.89	2.18
Abhd16a	100.3	0.74	0	0.13	143.78	10.32	58.89	15.07	33.95	27.86	33.92	9.97	0	0.43	8.53	0	50.41	96.21	103.39	81.26	51.63	33.48	3.56	0	0
Prkd1	0.8	0.01	0.76	0.01	1.56	28.45	24.54	2.52	3.35	0.03	23.26	15.99	13.81	55.74	0	0	0	0	0	0	0	0	0	0	0
Itga4	0	0	0	0.38	0	0.19	0	0.76	7.24	1.42	8.49	2.21	4.85	3	19.04	16.41	2.35	12.46	16.49	1.13	0.01	11.32	30.48	8.88	5.19
Gm6472	77.92	71.67	77.74	57.93	81.12	171.18	109.2	158.08	150.44	143.08	78.92	121.61	56.81	89.46	105.25	136.22	145.39	183.67	119.78	135.11	81.97	142.71	143.45	141.86	180.58
Plvap	43.56	80.12	68.29	33.52	22.67	10.19	16.44	13.41	0.87	27.41	12.21	11.58	22.71	15.45	0.4	0.03	3.33	0	17.83	0	0	0	0	0	0
Pdhx	82.43	0	0.27	69.07	53.69	28.16	5.51	23.62	43.53	0.02	0	0	20.16	0.3	0	0	23.62	2.23	129.38	0	27.55	0.15	0	19.93	156.14
Ormdl1	0	0	0	0	0	0.72	52.54	0	0	26.77	29.46	58.48	0	68.07	0	260.94	92.35	165.24	88.46	0.23	68.64	0	0	0	0
Gpx1	188.79	105.34	63.6	27.89	2.28	1316.86	1170.57	654.24	2408.07	2242.9	379.64	565.82	1017.95	171.9	759.5	564.28	721.05	1080.97	914.78	1602.26	1004.36	939.69	1097.38	816.82	1365.66
Man1c1	9.39	0	77.53	20.39	22.04	2.17	14.25	12.45	3.08	0	0.16	55.86	0.48	0.34	0	4.2	20.24	0.1	15.18	26.21	1.51	14.86	1.65	0.27	8.43
Pfdn5	89.92	191.37	14.65	45.94	0	86.38	214.29	147.23	205.14	187.3	97.23	395.4	57.44	129.49	36.62	48.75	105.79	146.97	271	16.71	51.74	27.64	5.8	101.85	56.1
Psmb9	0	0	0	0	0	1.08	0	0	0	0	0	0	0	0	0	2.88	1.81	1.76	0	0	15.87	7.43	12.6	26.04	0.19
Hipk3	24.91	2.8	5.43	6.26	31.92	19.21	28.12	15.11	16.93	30.46	0.19	21.77	31.61	13.97	19.18	28.09	33.34	0.25	3.75	9.58	10.68	70.6	0.79	24.17	61.56
Slco3a1	0.13	5.33	23.13	0	53.49	50.82	102.15	103.9	0.83	0.46	77.94	97.84	68.97	15.13	46.34	10.84	0	0.11	63.5	3.45	0.01	0	0	5.42	28.85
Pald1	0	66.08	107.74	1.03	30.19	0	26	8.28	0	11.07	0	0	0	0	0	0	0	0	0	11.09	0	0	0	0	0
Ppp1r18	7.84	133.4	23.31	32.31	0.42	74.01	41.06	47.43	50.28	176.89	16.87	16.87	32.06	11.75	10.96	2.72	59.32	107.88	216.94	35.15	13.21	37.5	16.9	26.66	163.5
Gm3362	17.94	32.15	8.56	12.81	5.35	41.1	36.61	38.1	28.33	41.9	48.8	30.85	36	31.87	42.53	27.7	43.07	39.19	31.71	37.24	39.36	44	58.84	48.62	47.83
Vamp8	0	59.51	72.64	0	23	194.5	64.22	91.62	185.57	108.33	16.28	46.8	79.13	29.61	65.59	34.42	37.83	70.23	65.03	102.74	54.72	65.02	117.44	237.15	161.47
Mob2	0	3.38	0	0	116.19	129.97	73.96	104.2	90.16	187.93	25.68	25.39	14.08	1.06	4.63	42.1	51.89	0.65	17.84	93.55	151.42	29.84	115.46	25.37	79.17
Qdpr	0	52.37	53.21	72.27	0	70.07	462.3	125.58	180.36	40.44	48.56	145.14	60.42	121.04	174.79	14.96	274.3	1.3	325.82	165.51	223.21	378.19	25.89	3.15	7.92
Dalrd3	0	0	54.35	0	97.64	118.68	175.62	140.26	70.24	57.53	0	460.81	0	167.7	0	264.76	154.26	6.75	8.65	0.96	3.6	47.21	116.07	37.93	228.34
Lef1	0	67.74	2.94	27.14	0	0	0	0	6.49	0	0	0	0	0	0	0	0	0	0	0	0	0	0	0	0
Fcho2	43.01	12.06	38.59	11.65	41.75	5.32	8.43	4.85	22.36	34.93	12.3	35.04	27.39	8.53	152.24	6.56	13.02	28.01	0.66	0.67	1.08	10.73	52.4	79.88	4.16
S100a10	181.13	152.17	83.98	5.43	116.39	18.41	96.16	58.72	47.7	111	87.48	2.62	25.64	0	80.77	2.63	22.06	60.24	177.87	40.72	5.67	13.24	82.92	80.94	5.17
Plekhg1	36.55	27.62	3.93	114.21	1.7	0	2.43	0	0.24	0.06	0.09	0	0	12.76	0.03	0	0	0	0	0	0	1.17	0	13.93	0
Rpl32	175.62	584.93	221.59	469.38	222.36	1300.13	1394.97	1801.6	1655.79	1647.97	749.86	681.03	689.05	885.07	817.39	1482.68	1152.59	1322.58	1283.14	770.73	1217.57	1358.5	1612.91	1023.8	1253.94
Hmga2	52.36	33.25	96.33	118.97	130.68	418.28	417.17	302.54	505.09	621.9	477.76	416.65	700.85	305.83	714.07	608.45	177.91	299.93	177.33	211.17	104.38	43.17	165.91	362.64	309.5
Robo4	68.61	20.45	164.06	136.21	0	27.92	7.55	12.34	0.18	0	0.38	50.83	14.16	0	118.24	0	103.61	31.17	0	49.02	27.33	32.04	1.19	0	102.71
1810011O10Rik	150.5	133.16	39.47	0	0	0	5.25	13.07	0	0	0	0	0	0	0	0	0	0	0	0	0	0	0	0	0
Rbm38	0	0	8.24	0	0.32	0.79	25.92	16.99	28.52	34.76	4.56	2.31	26.76	6.26	0.46	1.74	0	24.26	3.04	1.55	21.03	27.56	12.07	17.53	19.93
Itgal	0	0	0	0.23	0	0	0	0.08	0.09	0	0	0	0	37.92	56.36	106.84	44.21	28.99	105.9	0.11	0	1.44	0	0	0
Arih2	8.33	67.24	1.47	1.86	0	73.02	2.63	55.9	29.99	84.32	79.66	11.45	75.71	1.13	1.89	12.61	3.26	40.91	0	81.59	55.46	114.26	51.68	9.56	0
Chrac1	0	0	0.94	6.42	0	1.13	57.99	42.68	74.09	58.47	0	118.91	21.13	0	3.25	0	0	0	0	0	0	27.12	3.17	89.36	0.75
Lonrf1	0.38	0.52	0	0	0	9.94	0	3.62	0	0	2.7	4.66	0	0	0.2	0	0	0	0	0	9.93	0.19	10.71	0	8.7
Fbxo33	0.11	0	0	0	21.4	20.89	2.62	7.03	15.97	16.7	35.44	15.51	66.56	5.24	49.89	0	17.02	0.09	49.42	118.74	28.72	8.09	36.69	2.03	0
Atp13a2	2.78	0	0	0	0.13	78.86	7.42	4.5	13.06	20.4	182.52	234.77	80.72	0	200.58	14.51	79.39	303.18	6.78	62.9	8.13	89.82	115.61	104.14	25.77
Kitl	252.03	92.72	49.04	0.87	0	0	0	0	0	0	0	0	0	0	0	0	0	0	0	0	0	0	0	0	0
Dennd4a	1.25	0	0.02	0.68	0	20.52	2.99	0.34	26.26	3.76	1.04	14.41	12.31	2.47	5.95	0.5	6.66	1.84	12.92	0.85	1.14	12.14	0.76	13.66	5.79
Bhlhb9	0	2.99	12.15	62.26	142.49	48.7	48.62	0.22	22.51	0.13	75.83	51.59	1.13	76.4	149.41	4.45	73.21	109.75	24.3	66.9	125.83	6.7	63.74	0	58.87
Tug1	4.32	54.53	7.21	55.58	111.16	14.15	43.13	54.31	63.59	44.37	40.99	53.69	81.29	39.62	24.98	74.12	61.17	222.53	60.63	36.24	51	59.41	63.5	7.23	30.47
Nudt9	50.33	25.38	65.67	21.75	34.89	74.6	0	56.3	4.71	38.82	0	0	97.8	0.55	1.13	63.38	56.18	0	42.64	42.07	51.73	0	0	0	0
Ppib	71.09	45.06	43	57.79	27.26	105.27	99.89	104.16	98.32	128.76	15.93	37.21	51.28	12.98	53.54	44.67	97.77	52.4	40.88	124.85	105.78	67.14	20.41	1.42	3.95
Fam63a	97.04	0	21.36	3.24	113.83	7.19	19.74	75.34	54.07	44.05	143.77	4	5.79	1.2	26.14	0	12.06	0	1.8	0	0.74	22.32	0	315.2	0
Gm8623	2.21	5.92	5.82	7.64	3.07	11.56	19.56	21.48	18.91	14.1	17.55	15.86	11.33	16.11	13.71	12.98	15.79	15.98	8.08	6.52	6.8	9.29	16.93	5.27	17.73
Stk17b	0	0	0	0	0	242.1	3.12	58.16	80.35	99.82	84	24.12	58.96	27.16	41.67	218.65	39.57	306.54	162.69	13.13	0	139.28	167.88	138.78	0
Ankrd13a	69.06	0	11.42	0.1	171.14	199.18	85.59	120.45	122.79	245.71	189.21	302.5	18.7	226.71	406.96	224.5	215.11	427.96	158.58	368.53	259.56	305	175.44	420.17	677.27
S1pr1	75.27	155.45	92.71	50.83	123.27	30.61	51.67	173.96	18.53	30.43	23.73	55.57	41.39	49.74	22.14	0	0.13	59.16	4.48	72.62	12.37	206.74	0.55	0	0.71
Angptl6	0	0	0	0	0	2.31	0.93	0	1.36	1.2	1.45	0	0.31	0	0	2.16	2.99	1.71	1.93	0	0	7.85	3.32	0.19	6.11
Anp32e	77.72	185.85	55.77	124.05	165.34	108.2	23.76	63.6	83.64	48.92	77.3	81.9	83.76	13.89	141	95.12	21.12	238.6	50.91	5.23	5.87	44.84	20.34	0.2	147.56
Coro1b	9.4	150.15	3.81	4.12	89.53	350.03	109.2	282.21	315.88	206.49	79.91	171.28	106.25	173.27	57.02	71.52	59.68	552.57	394.89	318.08	231.42	160.92	129.4	150.31	67.44
Snai1	0	73.19	0.43	20.26	0	15.68	0	0	0	0	0	0	0	0	0	0	0	0	0	0	0	0	0	0	0
Bub1b	0	3.81	0.02	147.23	0	0.09	18.27	73.41	0.87	48.04	9.68	19.85	0	10.61	0	30.33	0	0	0	0	0	0	0	0	0
Unc93b1	0	0	0	0	0	9.7	3.14	0	0	0	0	6.9	0	38.71	0.5	24.02	14.75	4.93	19.86	23.67	47.17	4.67	90.35	42.69	197.94
Ptprm	16.46	0.78	116.48	3.03	3.18	0.06	0.62	2.53	0.03	0.03	15.67	14.11	0	0.13	0	0	0	2.35	2.17	0.02	0	0.02	0.24	0	0.24
Stat6	21.18	0.07	5.79	0.23	0.28	1.37	28.91	5.44	1.32	4.36	64.29	4.39	26.05	59.83	117.54	0.78	51.02	27.09	0.08	55.71	1.54	0	5.08	0	39.23
Mex3c	23.41	0	13.93	1.53	9.87	10.83	17.97	36.01	6.88	15.58	2.01	17.61	23.78	24.36	0.82	20.99	5.62	46.89	5.25	35.14	12.6	0.02	32.87	8.1	0
Ext2	0.16	48.6	62.7	0.47	4.43	41.2	98.96	70.84	46.26	68.59	94.02	16.28	67.63	141.82	43.62	62.23	6.09	25.94	12.86	73.44	73.21	138.25	16.14	1.78	22.62
Rassf5	0.89	0.42	0	0	1.15	0.11	0	0.39	10.32	0	4.84	9.07	0.07	0	0	15.58	47.2	0	5.95	11.27	65.72	30.91	37.16	71.84	130.64
Amn1	13.59	0	0	0	0	0.85	0	4.56	0	15.54	0	6.84	0.24	37.68	1.31	0	0	0	0	0	0	0	0	0	0
Agpat6	20.22	29.16	13.81	0.21	0.26	2.95	19.95	67.59	13.8	45.99	8.25	71.23	85.18	45.04	53.69	7.67	40.59	115.62	80.35	0.42	1.28	0	0.14	0	0
Ptprb	178.73	11.93	7.97	33.66	173.55	4.77	10.19	24.74	9.57	5.99	26.64	28.17	1.46	21.78	0.12	0.07	13.06	0	0	0.03	0.12	18.42	1.12	9.61	0.01
Gm15710	9.57	15.36	11.23	12.94	6.42	39.99	29.12	40.05	33.66	37.05	77.82	73.73	36.44	20.68	33.59	41.3	42.53	28.83	37.92	30.11	34.22	23.76	29.74	21.03	15.37
Arpc5	12.52	415.81	364.11	21.22	590.44	95.16	178.1	284.45	227.81	277.58	149.18	46.2	97.23	135.62	358.75	138.54	255.41	120.3	293.27	517.82	462.43	335.89	328.4	265.3	748.87
Rpl29	631.39	314.01	359.6	365.33	490.55	1667.99	1374.94	1901.66	1313.02	1424.97	465.31	817.22	490.1	384.24	562.94	919.94	728.33	873.7	901.44	702.69	964.9	965.17	1066.2	956.46	1140.14
Grb10	16.31	66.06	50.54	44.79	17.59	115.07	142.94	88.48	68.07	91.05	18.86	70.45	65.59	178.17	51.65	0	54.11	35.04	66.71	12.13	78.62	37.16	28.94	85.77	11.28
Fam96a	1.04	198.84	223.49	62.73	94.73	121.77	222.85	102.42	218.73	225.88	40.72	154.74	7.37	9.46	95.79	118.71	74.74	48.58	128.78	18.74	40.28	93.35	37.33	170.22	211.95
Fdps	0	203.09	6.57	0	131.58	2.69	234.78	78.17	229.86	197.63	0	141.71	0	1.35	122.94	0	0.37	0	153.37	52.73	0	3.77	0	0.52	137.32
Enpp3	1.64	11.26	1.17	0	0	0	0	0	0	0	0	1.39	0	0	0	0	0	0	0	0	0	0	0	0	0
Tnfrsf1a	21.74	40.44	57.23	123.27	165.99	93.25	75.16	92.54	157.39	132.17	92.7	98.17	193.66	14.57	72.83	99.16	37.21	123.21	0	122.38	0	19.71	104.17	39.24	76.59
Gcnt1	0	0	0	0	49.65	0	33.65	0.06	2.08	0	2.6	25.06	5.49	0	0	1.81	0.17	0	0	0	14.05	0	0	62.55	0.11
Nucks1	77.33	22.06	9	55.52	17.74	17.2	27.56	69.41	51.52	45.1	23.15	36.67	28.39	33.41	36.75	94.07	29.39	0	33.26	39.07	34.79	30.08	22.29	18.29	0
Tubb2b	20.06	23.24	0.71	47.01	0	0	0	0.25	0	0.1	0	0	0	0	0	0	0	0	0	0	0	0	0	0	0
Kit	0.07	8.72	9.2	11.47	0	105.77	33.48	55.76	119.75	68.23	109.05	40.81	146.01	169.88	146.58	33.35	3.14	69.51	36.32	44.85	23.26	178.83	40.38	201.48	72.26
Nrp2	1.79	16.68	48.44	12.16	0.08	0	0	0	0.06	0.37	0.04	0	0	0	0	0	0	0	0	0	0	0.06	0	0	0
Ccdc132	144.98	0	65.97	38.66	64.28	2.1	1.96	3.35	30.99	10.02	28.56	0.61	30.9	1.06	143.57	6.07	0	0.34	32.87	22.24	0.9	0	51.2	1.76	76.34
Ubl7	89.05	0	0	45.35	137.33	93.63	98.91	164.06	98.1	63.26	151.84	80.33	168.16	56.73	10.77	31.14	39.03	132.54	0	102.2	122.11	10.95	76.53	2.32	0.43
Thyn1	125.8	14.5	83.63	0.28	0	74.58	44.53	36.41	128.72	25.07	0	1.91	70.79	6.5	70.84	91.64	33.65	95.75	82.07	65.16	126.67	99.67	115.11	24.86	0
Mpc1	0	0	3.63	2.76	0	2.22	10.18	33.84	21.08	10.8	6.88	0	0.78	2.05	0	35.66	10.82	31.61	21.64	0	57	0	37.18	0.71	0
Cdkn2d	0	0	0	0.4	0	7.26	22.12	126.17	13.46	13.84	0	6.77	0	0	12.22	0	145.13	1.14	47.45	84.61	3.21	1	72.5	18.14	121.8
F2r	8.82	181.08	138.26	54.79	31.41	5.04	113.04	171.6	8.13	55.27	0	57.12	4.92	51.81	82.03	0.13	3.99	0.13	42.1	0	0	44.02	0	0	0
Kpnb1	21.91	96.02	18.75	171.23	62.49	118.34	141.42	81.94	117.68	184.96	157.48	89.55	107.46	180.52	56.16	58.44	94.31	53.56	132.9	444.2	262.31	163.13	77.67	116.47	211.89
Polr1c	17.15	19.52	145.89	4.62	8.38	287.41	84.86	136.69	348.85	47.48	1.18	38.29	247.44	276.41	115.62	157.12	90.77	183.53	235.35	354.5	53.62	183.33	51.25	46.55	16.94
B3gnt5	30.31	59.25	41.05	16.23	0.24	29.67	96.04	17.55	3.28	0.16	13.73	0.93	13.77	15.34	0	0	0	0	0	0	83.52	0	0	5.2	0
Hsbp1	124.42	10.74	0.65	76.74	20.32	52.11	18.23	84.66	173.13	147.25	81.68	3.01	3.01	57.7	0	155.37	25.91	61.25	78.02	0.41	43.51	113.04	33.85	70.04	24.92
P2ry1	51.03	96.15	1.96	0.1	0	0	0.08	0.14	0	0	4.69	16.22	0	41.67	0	0	17.96	0	0	0	0	32.45	0	0.81	0
Ranbp9	71.47	76.14	54.96	4.79	151.22	3.86	33.76	40.52	14.89	93.07	78.79	70.97	93.47	64.38	40.18	127	39	5.83	104.68	0	2.87	46.32	21.35	125.58	142.82
Arpc5l	0	0.62	33.05	0	20.1	4.76	42.71	68.51	20.79	50.45	42.05	2.03	2.75	49.07	0	29.23	123.34	154.21	51.62	0	21.8	78.22	162.46	0	86.34
Rela	1.13	0.03	56.58	35.82	6.08	60.22	35.34	101.03	3.39	18.65	130.23	111.44	53.79	7.24	64.53	2.56	31.44	113.06	0.23	86.89	19.09	122.9	17.11	37.4	59.92
Cript	0	0.01	6.89	27.45	0	81.4	64.41	151.81	71.77	125.94	62.97	0	53.88	1.25	0	115.07	30.93	43	115.59	7.45	0	0	52.21	33.42	5.59
BC055324	0	3.06	0.28	32.91	0.01	0.03	8.38	11.69	25.45	2.01	21.17	0.49	39.89	91.93	0.24	0	91.6	0.01	0.13	24.1	0.23	3.52	0.18	0	9.71
Ttc28	15.56	0.22	6.41	0.45	1.82	0.26	1.9	8.76	0	9.14	1.79	3.73	31.79	0.4	0.21	19.67	0	3.31	0.03	0.15	3.86	3.3	7.62	1.86	0.15
Rnd2	0	0	0.09	0.06	0	0	14.41	0.04	36.14	26.67	0.2	0.11	36.67	53.53	0.33	0	40.45	104.58	0	0	151.05	2.24	0	0	0.07
Slc25a4	378.41	249.3	54.83	130.99	119.22	135.41	152.95	232.81	162.18	141.58	145.01	114.67	82.95	109.34	140.5	124.63	55.31	225.37	106.08	403.03	221.62	108.24	146.94	16.29	84.5
Rilpl2	0	4.07	0.52	2.57	0	20.84	68.05	34.19	30.35	24.83	36.12	113.26	153.61	4.72	1.83	7.86	61.19	4.07	35.74	15.64	86.48	0	1.3	76.62	7.55
St3gal1	0	0.88	0	0.39	0	25.97	20.29	22.77	22.1	33.03	66.91	1.82	35.52	41.36	64.54	23.64	32.56	48.16	5.46	34.22	1.58	0	0	1.81	42.76
Vta1	0.01	0.01	8.51	0.57	0	77.15	59.9	87.81	30.5	92.57	35.4	3.56	12.75	82.82	0.71	22.89	35.58	24.33	0.01	2.14	71.82	0.36	3.89	1.49	0.47
Arid1b	16.62	0.2	0.6	0.56	0.38	5.43	1.42	2.66	7.69	4.71	3.96	24.39	36.61	1.08	5.34	1.06	21.37	5.51	0.17	0.6	1.19	3.49	13.67	1.12	1.34
Runx2	0	0	0	0	0	0	0	0	0.99	0	0.07	8.14	8.05	0.36	0	30.37	23.77	0.19	2.11	40.06	36.96	0	0.66	0.09	36.04
Rps10	272.97	560.49	189.85	462.63	147.64	1159.89	902.19	1280.53	955.82	1224.58	445.71	936.49	429.69	518.72	301.65	1058.47	551.25	520.06	822.81	612.15	762.81	693.47	631.1	895.57	930.45
Ripply3	0	32.28	3.71	1.11	0	0	0	0	0	0	0	0	0	0	0	0	0	0	0	0	0	0	0	0	0
Abi2	0	6.23	6.85	23.01	0	7.99	0.89	4.04	7.1	0	12.32	19.54	29.32	0	13.37	46.07	20.05	28.9	52.85	49.63	0	6.9	68.96	0	4.41
Akna	0	0	0	3.71	0	0.59	8.21	2.38	4.31	0	0	0	0	0	4.63	8.98	0	0.08	4.3	2.92	2.12	0	0	1.49	0
Rps4x	1411.26	1555.38	784.31	956.32	1355.55	3951.62	3467.24	3676.3	3811.02	3879.94	1528.39	1997.91	1492.98	1036.37	1931.98	3296.22	3556	2471.93	2462.68	2487.76	2847.63	3872.29	4083.83	2034.04	3625.95
Epha2	5.65	24.07	0	26.4	0	6.27	3	0	0.76	7.86	0	0	0	0	0	0	0	0	0	0	0	0	0.7	0.15	0.13
Coq10b	25.16	0.39	0.4	4.69	0	0.2	36.02	3.9	0.25	44.08	0.88	2.27	23.5	3.2	0	50.14	0	0	0	0	2.08	61.36	0	41.76	0
Gvin1	0	0.01	0	0	0	0	0.01	0	0	1.01	0	2.14	2.3	0	0.17	6.73	14.47	18.5	0.03	1.06	0.08	78.54	12.51	0.13	7.87
Chad	0	0	0	0.14	0	1.25	132.66	32.02	28.18	6.79	0	248.26	0	0	0	0	0	0	0	0	0	0	0	0	174.16
Nop56	108.11	146.28	334.31	795.97	297.27	358.62	421.8	276.97	345.69	296.28	654	273.61	87.83	239.68	244.53	298.4	326.09	268.37	609.82	280.17	326.64	424.83	250.77	374.27	634.19
Gpr56	0	0	0	0	0	152.38	257.78	79	274.7	175.24	129.88	345.68	369.83	348.76	258.74	93.7	159.38	193.51	65.98	153.07	139.05	394.64	74.38	202.5	142.67
1110004F10Rik	17.68	258	97.35	316.5	11.06	37.6	141.04	146.59	366.09	118.18	72.95	245.49	65.16	83	35.86	151.41	165.74	169	149.44	177.47	163.47	0	230	129.47	13.31
Acvrl1	174.17	2.54	38.13	0.31	3.58	0	20.52	31.92	0.2	0	0.81	0	12.63	0	12.12	0	0	0	0	0	0	0	0	0	0
4921524J17Rik	132.6	127.9	6.2	2.03	42.46	57.57	32.13	15.74	90	37.24	0	0.52	0	0	1.56	44.16	6.79	0.29	68.9	0	0	0	22.65	0	0
Mdfic	14.75	2.63	7.72	1.54	0	0	0.71	0	3.61	0.02	1.45	0	24.94	0	0.21	0.12	0	0	0	10.5	0	0.05	0	0	0
Larp7	102.75	17.96	40.78	73.23	0	89.1	67.02	33.04	82.17	122.35	35.58	19.41	161.27	22.54	16.97	28.35	49.38	279.33	0.96	20.72	4.05	0.04	33.42	167.59	28.24
Zfp948	25.58	7.96	0	39.5	82.13	44.49	0.01	2.22	18.36	21.11	0	0.61	17.32	10.45	0	0	0.83	0	0	0	0	0	0	0.22	0
Incenp	0	0	0.4	114.8	0	0	6.98	65.05	3.66	0.33	43.17	0	0.02	22.5	0	0.27	10.26	0.26	0.39	0	13.64	0.12	1.72	0.18	26.97
Plxnd1	70.09	30.34	19.46	36.82	42.3	16.19	31.17	41.16	22.23	10.61	9.01	49.68	20.16	6.25	8.04	5.93	4.01	16.27	14.19	6.77	16.36	1.49	0	0	8.93
Gadd45g	0	13.09	0	0	31.78	0.48	81.44	117.43	79.14	92.88	0	0	4.06	180.98	0	0	0	0	0	0	0	7.38	0	0	0
